14.7662
14.7184
14.7503
14.8536
14.4589
14.9636
14.7035
14.608
14.6022
14.468
14.9773
14.6605
14.4573
14.6733
14.7152
14.6952
14.6113
14.6443
14.4789
14.6156
14.7251
14.9661
14.7848
14.7402
14.8189
14.7741
14.8198
14.3228
14.7864
14.6747
14.8679
14.6294
14.8042
14.8613
14.8709
14.4407
14.9096
14.6671
14.6276
14.4581
14.5895
14.6091
14.4626
14.8926
14.4705
14.5036
14.6817
14.4291
14.7536
14.7493
14.7818
14.7242
14.5376
14.715
14.5034
14.4123
14.6509
14.7983
14.536
14.7964
14.8621
14.861
14.5954
14.72
14.5285
14.5801
14.8696
14.5628
14.627
14.5184
14.514
14.7479
14.6143
14.3964
14.464
14.7697
14.8891
14.8926
14.612
14.5255
14.5432
14.4177
14.6856
14.7368
14.6392
14.7054
14.8108
14.5782
14.4512
14.6685
14.6942
14.8575
14.7201
14.7585
14.9216
14.6509
14.9681
14.5015
14.4323
14.8948
14.7636
15.1043
14.4336
14.6434
14.7722
14.4975
14.5404
14.5472
14.8983
14.5944
14.8474
14.6325
14.7432
14.636
14.5023
14.996
14.9938
14.6929
14.5028
14.7935
14.7707
14.7138
14.669
14.8166
14.6739
14.7558
14.7964
14.2919
14.6244
14.4009
14.6268
14.8569
14.6932
14.666
14.8066
14.7891
14.4405
14.3694
14.631
14.8334
14.7118
14.6122
14.7607
14.8572
14.5502
14.2073
14.7288
14.7333
14.5575
14.7996
14.9216
14.7043
14.5272
14.6692
14.7365
14.7195
14.8459
14.7722
14.8739
14.2962
14.5619
14.6442
14.6802
14.6973
14.3357
14.7292
14.524
14.5663
14.683
14.8135
14.6715
14.6653
14.5106
14.7391
14.5577
14.4919
14.76
14.524
14.9326
14.3697
14.713
14.6714
14.9024
14.497
14.6944
14.7693
14.8811
15.1416
14.6887
14.7341
14.5492
14.6319
14.5282
14.9452
14.9864
14.4397
14.8059
14.6252
14.7202
14.7009
14.5606
14.4475
14.7223
14.8769
14.6154
14.3759
14.8285
14.5844
14.6417
14.7555
14.6221
14.7153
14.647
14.8192
14.3637
14.8578
14.4325
14.7621
14.5042
15.1888
14.647
14.6124
14.8618
14.6812
14.309
14.8264
14.8
14.5684
14.6273
14.4046
14.5628
14.7659
14.7103
14.8303
14.2883
14.4821
14.3044
14.4182
14.4868
14.8389
14.8805
14.6859
15.081
14.7869
14.9511
14.7464
14.7622
14.4488
14.4926
14.7337
14.5897
14.6404
14.5794
14.5728
14.582
14.6289
14.9791
14.5798
14.7536
14.6828
15.0027
14.5137
14.6437
14.7202
14.6386
14.9061
14.8487
14.8393
14.7561
14.66
14.9749
14.6879
14.7435
14.7411
14.6252
14.9621
15.0104
14.6076
14.8436
14.6798
14.5881
14.7558
14.8939
14.7205
14.7191
14.2839
14.5818
14.6678
14.7806
14.8121
14.4439
14.6015
14.7257
14.5496
14.4387
14.5502
14.6911
14.891
14.7334
14.5676
14.5862
14.8554
14.645
14.7499
14.9156
14.9673
14.5397
14.5723
14.6455
14.5709
14.4986
14.8495
14.5745
14.7812
14.5518
14.7275
14.8583
14.5726
14.6552
14.5599
14.6612
14.6571
14.6589
14.5914
14.367
14.9233
14.7729
14.4883
14.8743
13.9018
14.537
14.6971
14.8031
14.5935
14.4932
14.678
14.5061
14.6784
14.5887
14.6698
14.5167
14.7401
14.7589
14.4543
14.8327
14.5698
14.7296
14.9973
14.7793
14.9147
14.5615
14.7579
14.8706
14.7205
14.8713
14.8903
14.6398
14.6009
14.2793
14.9361
14.6144
14.5691
14.6093
14.5143
14.5617
14.849
14.8377
14.7762
14.7463
14.7149
14.8076
14.4936
14.9175
14.6271
14.4968
14.8761
14.9418
14.553
14.5648
14.807
14.9019
14.6882
14.5696
14.8634
14.7441
14.5754
14.671
14.8759
14.5205
14.7333
14.931
14.3757
14.745
14.7973
14.3904
14.7119
14.7908
14.4636
14.5545
14.5151
14.388
14.7699
14.7232
14.5106
14.8749
14.487
14.6076
14.7187
14.7754
14.7033
14.7246
14.4767
14.664
14.6722
14.684
14.648
14.487
14.6553
14.757
14.6118
14.6073
14.4469
14.5397
14.5207
15.0236
14.8483
14.8711
14.7698
14.8897
14.7622
14.4965
15.0631
14.9172
14.8821
14.5568
14.8691
14.5791
14.6393
14.87
14.4716
14.8039
14.8222
14.7731
14.4961
14.8236
14.4554
14.4054
14.6856
14.9308
14.7138
14.5082
14.6133
14.6205
14.5813
14.7999
14.5183
14.339
14.8088
14.8007
14.3255
14.5026
14.6702
14.8856
14.3108
14.5285
14.6997
14.931
14.9555
14.6044
14.7576
14.9766
14.5137
14.5988
14.7133
14.6838
14.7565
14.3011
14.5436
14.676
14.3519
14.9501
14.5986
14.6305
14.5779
14.8586
14.699
14.6578
14.7643
14.3513
14.7324
14.5742
14.8725
14.7546
14.3155
14.6089
14.2878
14.7093
14.7058
14.7893
14.8695
14.8583
14.5319
14.664
14.6512
14.7023
14.3953
14.4538
14.5692
14.5661
14.8751
14.4071
14.8108
14.8563
14.7575
14.4445
14.5497
14.7762
14.8703
14.4085
14.6515
14.8027
15.0126
14.5389
14.4177
14.7006
14.7678
14.5954
14.8766
14.4958
14.5353
14.7623
14.7495
14.64
14.7219
14.3656
14.6968
14.2847
14.5965
14.8567
14.7252
14.8751
14.3088
14.6102
14.71
14.6533
14.9729
14.4267
14.6015
14.791
14.5896
14.8008
14.4908
14.8741
14.5213
14.7159
14.7535
14.7403
14.9469
14.775
14.6556
14.8608
14.6784
14.941
14.7448
14.6604
14.7725
14.7141
14.6041
14.8756
14.5165
14.9613
14.8176
14.6358
14.6008
14.9239
14.9574
14.7054
14.8319
14.9118
14.6605
14.7807
14.5574
14.2776
14.9331
14.5095
14.6358
14.7464
14.6958
14.4343
14.7851
14.5992
14.5822
14.5356
14.7796
14.6902
14.8393
14.5647
14.6311
14.7684
14.7925
14.5759
14.667
14.8959
14.7698
14.729
14.9216
14.5542
14.5529
14.5536
14.4522
14.4727
14.3664
14.4745
14.9375
14.5269
14.5015
14.6896
14.5132
14.7801
14.7144
14.916
14.9035
14.9739
14.7611
14.555
14.5348
14.8922
14.7998
14.7667
14.7701
14.6245
14.6536
14.8498
14.6255
14.6922
14.7007
14.5821
15.0405
14.4251
14.4595
14.7483
14.8199
14.8434
14.6643
14.6462
14.7041
14.6025
14.8496
14.3452
14.7636
14.7651
14.8509
14.7633
14.8141
14.8422
15.1398
14.6241
14.5228
14.5288
14.6803
14.8498
14.5302
14.5655
14.3407
14.7194
14.5822
14.5465
14.6738
14.8562
14.6693
14.6301
14.7074
14.5374
14.8031
14.6806
14.5473
14.504
14.6789
14.4763
14.6239
14.566
14.9391
14.4776
14.6958
14.6233
14.6481
14.5123
14.4932
14.683
14.6883
14.6094
14.7165
14.6647
14.8331
14.8868
14.9237
14.8889
14.2393
14.913
14.6542
14.6163
14.5555
14.6901
14.3967
14.7702
14.8134
14.4006
14.6516
15.0371
14.8908
14.4859
14.6172
14.5468
14.62
14.7566
14.595
14.6851
14.7917
14.5857
14.2854
14.6358
14.7179
14.8872
14.4715
14.5806
14.5726
14.5223
14.6409
14.813
14.7642
14.3655
14.5478
14.7309
14.6162
14.3848
14.9698
14.7188
14.7595
14.5388
14.8212
14.4221
14.4181
14.5746
14.511
14.6754
14.7192
14.6103
14.795
14.6015
14.6657
14.3019
15.0016
14.5373
14.7095
14.5853
14.9073
14.6791
14.4644
14.6426
14.9067
14.7567
14.7112
14.4012
14.3169
14.6891
14.634
14.8703
14.5307
14.7831
14.7884
14.6834
14.6887
14.8908
14.7327
14.5439
14.6033
14.5104
14.6915
14.7719
14.6766
14.654
14.9645
14.5258
14.6647
14.2477
14.7471
14.6194
14.8992
14.3793
14.6253
14.2924
14.5517
15.0023
14.6771
14.769
14.7761
14.8213
14.6883
14.6429
14.9559
14.8222
14.8978
14.7143
14.7351
14.5541
14.4165
14.6999
14.674
14.7949
14.7894
14.4999
14.683
14.3838
14.8473
14.8438
14.9284
14.6217
14.5088
14.7164
14.5046
14.8864
14.4817
14.5554
14.8311
14.6664
14.4491
14.5787
14.7677
14.6745
14.8394
14.5244
14.773
14.3804
14.6717
14.3245
14.5857
14.7337
14.4523
14.6217
14.5001
14.8067
14.371
14.6073
14.5452
14.8473
14.6324
14.4909
14.7763
14.9624
14.8401
14.6402
14.7512
14.4277
14.7246
14.8809
14.3547
14.5607
14.4039
14.9011
14.7446
14.5413
14.6609
14.6747
14.6448
14.8377
14.7315
14.5102
14.6671
14.6794
14.4725
14.8402
14.6441
14.8913
14.8275
14.543
14.5556
14.6176
14.624
14.6574
14.5752
14.6501
14.4254
14.6182
14.795
14.8456
14.8217
14.9139
14.7372
14.1324
14.907
14.5852
14.6883
14.6619
14.2221
14.4403
14.7335
14.7556
14.9029
14.6764
14.8588
14.5197
14.6714
14.7719
14.5185
14.8115
14.2755
14.9636
14.6954
14.8588
14.6806
14.561
14.6384
14.8887
14.4529
14.7919
14.5243
14.3236
14.3612
14.3939
14.4967
14.163
14.6868
14.6631
14.9212
14.9488
14.6843
15.0896
14.752
14.8154
14.5003
14.7217
14.4889
14.7945
14.8595
14.6201
14.7467
14.741
14.6598
14.5681
14.8102
15.0451
14.6558
14.7808
15.0075
14.5449
14.758
14.649
14.772
14.4465
14.6601
14.7699
14.6622
14.5705
14.721
14.6571
14.4198
14.699
14.4975
14.3443
14.5509
14.72
14.9216
14.5521
14.9098
14.4481
14.6428
14.553
14.8351
14.8054
14.435
14.8398
14.7799
14.5833
14.5585
14.5033
14.749
14.7698
14.7388
14.5518
14.9444
14.8548
14.4396
14.874
14.6753
14.7029
14.5884
14.449
15.0159
15.0332
14.4584
14.7248
14.5445
14.4921
14.6531
14.7726
14.8409
14.3962
14.5925
14.3652
14.763
14.4448
14.3196
14.908
14.6807
14.7192
14.6317
14.1542
14.7508
14.6143
14.6074
14.7392
14.715
14.3339
14.793
14.6386
14.9795
14.5782
14.6599
14.6648
14.6456
14.8564
14.7492
14.5927
14.4312
14.313
14.8505
14.6641
14.5844
14.8198
14.8013
14.723
14.6513
14.7103
14.7154
14.6832
14.7286
14.6792
14.7864
14.9184
14.6732
14.4135
14.7375
14.6848
14.9151
14.765
14.5949
14.361
14.7033
14.6808
14.4841
14.439
15.1289
14.8216
15.0025
14.7411
14.4287
14.4672
14.2911
14.7872
14.6648
14.8549
14.6806
14.7509
14.799
14.3081
14.7468
14.7268
14.827
14.7765
14.5657
14.7234
14.4385
14.8714
14.3006
14.9254
14.5871
14.5472
14.5929
14.603
14.2778
14.6406
14.7587
14.7492
14.3755
14.6894
14.6224
14.5382
14.7144
14.8998
14.583
14.4313
14.7311
14.5954
14.5819
14.7149
14.6125
14.7621
14.9193
14.6822
14.5832
14.4699
14.8051
14.5997
14.6697
14.4581
14.398
14.4913
14.2459
14.7023
14.6225
14.5521
14.6021
14.5257
14.6535
14.7737
14.8339
14.4684
14.6965
14.7099
14.9319
14.9703
14.5341
14.5194
14.7133
14.5625
14.8962
14.8082
14.7099
14.8164
14.5354
14.5509
15.1922
14.7138
14.7865
14.6355
14.5864
14.7346
14.7509
14.7624
15.0749
14.7544
14.6023
14.6311
14.6368
14.7966
14.6228
14.5571
14.9779
14.5881
14.8391
14.6565
14.3558
14.6952
14.4886
14.6232
14.952
14.714
14.5763
14.714
14.8061
14.582
14.3517
14.6396
14.7348
14.6789
14.5978
14.5113
14.6768
14.4442
14.8427
14.5566
14.632
14.5849
14.7339
14.553
14.792
14.7387
14.5087
14.5128
14.4322
14.7871
14.6205
14.5192
14.8467
14.6013
14.6138
14.6394
14.7282
14.4088
14.6054
14.7371
14.5951
14.5206
14.8609
14.5921
14.5228
14.6323
14.9519
14.7315
14.7284
14.6301
14.8027
14.6624
14.8096
15.0477
14.9499
14.6453
14.5832
14.7243
14.6368
14.9543
14.761
14.6042
14.7612
14.964
14.518
14.4163
14.3424
14.7757
14.975
14.5142
14.8813
14.8958
14.67
14.479
14.5406
14.7516
14.3649
14.6527
14.5298
14.5349
14.182
14.5733
14.6192
14.5401
14.5662
14.7327
14.4588
14.5911
14.7077
14.8475
14.4886
14.8315
14.6768
14.6562
14.7073
14.5264
14.5064
14.549
14.787
14.6913
15.0074
14.6161
14.6832
14.6506
14.8292
14.9037
14.6523
14.5531
14.7097
14.6311
14.6407
14.7055
14.6729
14.9163
14.7214
14.7991
14.3373
14.773
14.6213
14.5385
14.2562
14.8125
14.4322
14.6641
14.6602
14.9618
14.8699
14.8349
14.759
14.9259
14.7033
15.0703
14.708
14.649
14.75
14.7325
14.6514
14.7415
14.7869
14.616
14.6134
14.7416
14.7167
14.5934
14.7331
14.6456
14.8587
14.59
14.5368
15.0116
14.5849
14.6429
14.4992
14.5063
14.3241
14.7334
14.6665
14.8069
14.4305
14.5338
14.8343
14.6477
14.5978
14.7966
15.1751
14.6352
14.7292
14.6433
14.9149
14.8728
14.8138
14.5628
14.5261
14.7122
14.7142
14.8023
14.7296
14.6773
14.7312
14.5438
14.8016
14.6246
14.5361
14.9592
14.7522
14.934
14.5186
14.4791
14.5887
14.6251
14.9583
14.6181
14.584
14.4978
14.6492
14.8325
14.5386
14.754
14.8169
14.7215
14.7043
14.519
14.6836
14.5634
14.6356
14.7735
14.7862
14.5389
14.6725
14.4423
14.8484
14.6143
14.589
14.7165
14.7782
14.5943
14.9189
14.732
14.2885
14.3815
14.7536
14.7074
14.7649
14.4321
14.5883
14.6458
14.7683
14.7374
14.6696
14.4344
14.6556
14.4096
14.3533
14.3699
15.0289
14.7833
14.5693
14.7326
14.588
14.5349
14.741
14.6057
14.6645
14.5225
14.5713
14.7983
14.6071
14.8813
14.4506
14.5768
14.749
14.9139
14.7481
14.6883
14.5337
14.6683
14.5419
14.8512
14.5721
14.8278
14.4054
14.3896
14.6348
14.6115
14.5353
14.9276
14.8154
14.8315
14.5328
14.9529
14.8045
14.7931
14.5442
14.7976
14.5393
14.603
14.6932
14.6009
14.6011
14.8544
14.4886
14.4697
14.2954
14.7612
14.6594
14.6604
14.325
14.4185
14.5941
14.6707
14.7625
14.6716
14.5503
15.1941
14.7943
14.9104
14.8546
14.6152
14.7556
14.3615
14.6592
14.9758
14.6946
14.8221
14.3816
14.4635
14.6604
14.5236
14.6595
14.5675
14.8472
14.9625
14.6219
14.6124
14.6751
14.7768
14.7824
14.5107
14.7336
14.6634
14.8987
14.618
14.6851
14.9634
14.7275
14.3563
14.6322
14.9981
14.6356
14.855
15.0401
14.2964
14.2566
14.5802
14.82
14.5651
14.9284
14.9584
14.6107
14.4042
14.7606
14.7763
15.0096
14.8062
14.4322
14.6229
14.7841
14.5457
14.5449
14.7812
14.6581
14.6319
14.5665
14.7324
14.87
14.54
14.6106
14.9789
14.6155
14.6873
14.7376
14.501
14.639
14.5859
14.8591
14.519
14.6606
14.5694
14.4629
14.9701
14.7189
14.5315
14.5466
14.5839
14.8113
14.6199
14.904
14.3622
14.5947
14.6879
14.5526
14.4205
14.8787
14.8507
14.6129
14.7144
14.991
14.8577
14.4707
14.4128
14.8367
14.3777
14.6595
14.383
14.7947
14.538
14.6541
14.7037
14.632
14.6153
14.834
14.5981
14.9237
14.6471
14.6766
14.6956
14.6011
14.798
14.3874
14.8156
15.177
14.7878
14.73
14.5347
14.5712
14.7138
14.397
14.5881
14.8811
14.8608
14.5275
14.8346
14.5607
14.5213
14.6361
14.6306
14.7919
14.7067
14.4331
14.739
14.5671
14.9071
14.6298
14.709
14.3735
14.4911
14.5488
14.8492
14.6885
14.6701
14.3266
14.4832
14.6777
14.5228
14.5202
14.5557
14.509
14.72
14.5563
14.5188
14.7839
14.6845
14.7998
14.601
14.7009
14.8111
14.4674
14.5067
14.4813
14.6915
14.4644
14.8124
14.5797
14.73
14.9909
14.6838
15.0412
14.618
14.5156
14.3845
15.0409
14.7542
14.6033
14.8125
14.6405
14.5938
14.7688
14.8848
14.646
14.8372
14.3861
14.7665
14.781
15.0607
14.7197
14.9908
14.7854
14.6147
14.913
14.6011
14.757
15.0361
14.6955
14.888
14.5949
14.3849
14.8093
14.9017
14.6571
14.641
14.4505
14.5566
14.6672
14.4287
14.6104
14.56
14.6985
14.7075
14.5655
14.9195
15.1347
14.7745
14.4914
14.692
14.7351
14.6381
14.5084
14.5355
14.874
14.468
14.8255
14.4029
14.7786
14.5036
15.063
14.5185
14.3656
14.6189
14.7844
14.5131
14.8619
14.797
14.2996
14.3397
14.6342
14.4949
14.324
14.8776
14.6989
14.5984
14.8483
14.9619
14.7283
15.0472
14.5467
14.6012
14.6704
14.5589
14.5582
14.8194
14.6452
14.7604
14.6759
14.7004
14.5641
14.4822
15.0373
14.7963
14.7255
14.6784
14.5162
14.5947
14.5335
14.8849
14.4272
14.9324
14.7854
14.8167
14.5023
14.9545
14.8323
14.8549
14.6581
14.5093
14.6942
14.8792
14.8052
14.669
14.5061
14.5239
14.5688
14.9672
14.8197
14.572
14.7193
14.6644
14.548
15.1811
14.7338
14.4829
14.5559
14.4158
14.7015
14.5465
14.3624
14.5742
14.7288
15.1059
14.5753
14.9482
14.6487
14.6075
14.6398
14.4238
14.8843
14.4641
14.5866
14.3944
14.9168
14.9143
14.4153
14.6029
14.682
14.3658
14.6267
14.6271
14.5701
15.06
14.8677
14.5324
14.4488
14.8443
14.9522
14.4483
14.5082
14.6772
14.656
14.6197
14.7627
14.8898
14.9619
14.8023
14.5022
14.9086
14.6924
14.7867
14.6669
14.7428
14.5552
14.4768
14.7929
15.0811
14.3888
14.9343
14.6033
14.6284
14.8304
14.444
14.5216
14.77
14.7301
14.7063
14.6134
14.8038
14.7289
14.9088
14.5859
14.5764
15.0731
14.8928
14.5947
14.7353
14.8712
14.7726
14.8257
14.8314
14.5401
14.7996
14.8776
14.3317
14.7746
14.5586
14.6594
14.6574
14.7146
14.5377
14.9746
14.596
14.655
14.7449
14.5952
14.674
14.7757
14.782
14.7236
14.7427
14.5472
14.2979
14.9352
14.4875
14.456
14.8027
14.5748
14.6203
14.7182
14.7067
14.6214
14.4663
14.7918
14.516
14.5094
14.6929
14.4243
14.8092
14.5618
14.5485
14.5281
14.8699
14.815
14.7068
14.6978
14.7977
14.6634
14.4834
14.8837
14.6876
14.4181
14.7244
14.6104
14.5478
14.9064
14.5979
14.6926
14.774
14.5647
14.9076
14.7958
14.6064
14.7217
14.7515
14.4855
14.5077
14.7234
14.879
14.6891
14.7961
14.6944
14.4248
14.7068
14.8644
14.6321
14.7177
14.8929
14.6063
14.4517
14.7062
14.8323
14.7144
14.2073
14.5098
14.7209
14.4277
14.7937
14.7797
14.8686
15.0275
14.5918
14.5744
14.9236
14.7622
14.8763
14.7667
14.5775
14.76
14.7937
14.4767
14.4631
14.6301
14.8054
14.6241
14.797
14.6682
14.858
14.8407
14.435
14.6045
14.9459
14.8447
14.6811
14.4376
14.4278
14.6817
14.5723
14.5182
14.5349
14.6484
14.9866
14.9099
14.7714
14.5279
14.5163
14.4469
14.707
14.7526
14.3768
14.8749
14.8482
14.7524
14.5406
14.7029
14.7378
14.3989
14.9621
14.7021
14.9515
15.0342
14.5241
14.8372
14.4617
14.6695
14.3348
14.5924
14.642
14.6799
14.6874
14.8471
14.8592
14.4384
14.6279
14.4818
14.4413
14.8652
14.7911
14.7088
14.3449
14.7848
14.8785
14.8409
14.733
14.637
14.8072
14.4272
14.7748
14.9719
14.6717
14.9121
14.5819
14.6354
14.5887
14.795
14.4684
14.6739
14.5022
14.7125
14.4621
14.6861
15.0352
14.9738
14.7691
14.8475
14.728
14.9432
14.8072
15
14.7908
15.0282
14.2232
14.9482
14.5825
14.9156
14.8744
14.888
14.6352
14.7476
14.9169
14.6685
14.5341
14.6749
14.4632
14.6754
14.55
14.7165
14.4104
14.6268
14.4207
14.6629
14.7076
14.6114
14.6371
14.6332
14.6769
14.6224
14.8665
14.9193
14.7369
14.6212
14.6415
14.8293
14.7044
14.7813
14.6152
14.2541
14.7488
14.6811
14.6007
14.7506
14.7463
14.5069
14.8009
14.6212
14.5191
14.6089
14.7044
14.8621
14.7014
14.4696
14.8343
14.5948
14.7612
14.4547
14.6225
14.7029
14.8209
14.6039
14.9672
14.5611
14.5975
14.5809
14.6322
14.5154
14.5189
14.6358
14.4446
14.437
14.6302
14.5683
14.566
14.875
14.7771
14.8914
14.654
14.7311
15.0504
15.0319
14.591
14.3498
14.4838
14.7142
14.4708
14.8792
14.4609
14.7201
15.1518
14.6185
14.5797
14.664
14.5328
14.7506
14.732
14.8884
14.6512
14.3008
14.858
14.8686
14.6244
14.61
14.5412
14.8595
14.5993
14.6452
14.7396
14.5889
14.9809
15.0543
14.7086
14.5819
14.4111
14.6424
14.7157
14.711
14.4812
14.5273
14.665
14.9505
14.7087
14.6989
14.53
14.9876
14.7143
14.6587
14.7551
14.3531
14.7625
14.7925
14.7145
14.5574
14.4374
14.7304
14.4824
14.2138
14.8697
14.3901
14.6358
14.4453
14.6786
14.7302
14.9159
14.774
14.6439
14.577
14.6601
14.8965
14.2936
14.489
14.4452
14.5704
14.4589
14.5638
14.6978
14.7689
14.65
14.5768
15.0581
14.6248
14.4493
14.4902
14.7559
14.4352
15.0032
14.4386
14.8873
14.5224
14.8262
14.6469
14.449
14.5505
14.4697
14.5965
14.487
14.6845
15.0355
14.8768
14.6717
14.8481
14.5613
14.6502
14.896
14.6882
14.8578
14.8982
14.4106
14.7769
14.8722
14.7845
14.3943
14.9487
14.8011
14.6526
14.8796
14.9029
14.3969
14.6457
14.4735
14.4933
14.8011
14.7514
14.3649
14.6952
14.9386
14.5278
14.5901
14.6921
14.2506
14.6206
14.1953
14.7507
14.7528
14.7819
14.5584
14.6328
14.8006
14.6054
15.0054
14.5578
14.9618
14.5187
14.2272
14.7407
14.781
14.5885
14.4798
14.5018
14.5488
14.503
14.5406
14.6603
14.4918
14.6241
14.668
14.604
14.9522
14.5793
14.6618
14.8276
14.687
14.8364
14.5907
14.608
14.7254
14.6577
14.5894
14.7493
14.4709
14.9185
14.4501
14.5835
14.4985
14.4048
14.6058
14.361
14.7322
14.7691
14.7099
14.4674
14.6185
14.8067
14.7577
14.4554
14.7205
14.5801
14.5172
14.6502
14.6546
14.5443
14.7489
14.4547
14.5942
14.7864
14.9536
14.2966
14.4811
14.7003
14.5206
14.6886
14.4542
14.6411
14.64
14.5909
14.7599
14.3057
14.464
14.7254
14.8181
14.9307
14.6819
14.6093
14.929
14.9142
14.7662
14.7723
14.8694
14.6161
14.4214
14.3732
14.9239
14.608
14.3532
14.3451
14.9618
14.8499
15.0719
14.6256
14.7762
14.7129
14.7596
14.8008
14.6752
14.7152
14.702
14.6407
14.3022
14.7261
14.5651
14.6582
14.7185
14.7463
14.6062
14.8396
14.5015
14.9872
14.5301
14.7583
14.8056
14.7823
14.9198
14.8456
14.548
14.4038
14.7305
14.6168
15.0445
14.587
14.4538
14.5411
14.5963
14.3929
14.5058
14.6614
14.7835
14.8975
14.7134
14.761
14.7708
14.6193
14.4128
14.7862
14.5025
14.5244
14.5737
14.6439
14.6354
14.7807
14.7843
14.6527
14.5696
14.9194
14.5781
14.8611
14.7539
14.9547
14.6121
14.8581
14.7724
14.8806
14.5631
14.8018
14.74
14.5083
14.5165
14.8975
14.2224
14.1639
14.4198
14.7677
14.7061
14.6757
14.9004
14.6642
14.6972
14.921
14.5852
14.8288
14.6718
14.8869
14.7498
14.6461
14.3389
14.6472
14.2748
14.3459
14.8822
14.6837
14.592
14.7532
14.8549
14.7682
14.3642
14.5754
14.8435
14.5754
14.7984
14.689
14.4162
14.5924
14.5627
14.7865
14.5665
14.4585
14.8902
14.6781
14.7133
14.6209
14.7599
14.9326
14.5941
14.6757
14.8078
14.7815
14.5753
14.861
14.5726
14.6431
14.3494
14.5587
14.7809
14.7498
14.494
14.9286
14.3504
14.4601
14.6003
14.6968
14.4883
14.5358
14.8176
14.5224
14.5816
14.6666
14.7653
14.742
14.7562
14.7385
14.647
14.3186
14.6821
14.6508
14.6706
14.8112
14.7879
14.7753
14.8038
14.7599
14.7285
14.4768
15.0154
14.6797
14.9313
14.6975
14.6516
14.5497
14.6041
14.5823
14.6496
14.8625
14.6953
14.8919
14.4798
14.9036
14.6458
14.4719
14.8503
14.7661
14.6741
14.7922
14.6854
14.5458
14.8864
14.602
14.6075
14.5507
14.7414
14.8985
14.9421
14.8195
14.8552
14.5971
14.32
14.5859
14.8519
14.4849
14.3646
14.9333
14.5129
14.7046
14.9976
14.9793
14.6708
14.6112
14.6148
14.6675
14.7152
14.5331
14.7222
14.4105
14.9054
14.7487
14.7784
14.7595
14.36
14.6728
14.802
14.6276
14.4776
14.816
14.8666
14.7397
14.8596
14.6852
14.7417
14.7618
14.8188
14.4134
14.7534
14.5405
14.7165
14.8725
14.6778
14.8901
14.6698
14.9021
14.8518
14.4825
14.71
14.6783
14.7091
14.5367
14.6632
14.6673
14.5263
15.0327
14.7101
14.769
14.2319
14.8871
14.8118
14.6529
14.7271
14.2583
14.7733
14.6788
14.6294
14.596
14.6065
14.4601
14.721
14.4931
14.6022
14.8155
14.8187
14.6283
14.7015
14.4539
14.721
14.8414
14.5473
14.3596
14.6712
14.771
14.8554
14.9821
14.3605
14.7241
14.5353
14.5594
14.8189
14.6121
14.8676
14.3223
14.5946
14.5377
14.5764
14.5918
14.6287
14.4928
14.3464
14.7294
14.5442
14.7132
14.735
14.4155
14.6501
14.9964
14.6895
14.814
14.5128
14.6953
14.7654
14.7801
14.4669
14.8453
14.7391
14.6766
14.5868
14.4589
14.8209
14.7074
14.6637
14.6698
14.6833
14.8995
14.4688
14.7704
14.5884
14.8337
14.7555
14.7785
14.4866
14.5045
14.9374
14.8263
14.57
14.5278
14.6694
14.7604
14.8048
14.8367
14.5925
14.3515
14.6654
14.7016
14.4535
14.5144
14.4435
14.8207
14.483
14.8938
14.4072
14.921
14.5731
14.7613
14.6666
14.5387
14.7339
14.4847
14.8777
14.6006
14.7514
14.834
14.6206
14.7105
14.9911
14.7634
14.4385
14.482
14.5517
15.1126
14.5612
14.2992
14.426
15.0011
14.7767
14.7177
15.0108
14.7934
14.8885
14.2769
14.6757
14.5207
14.4309
14.6269
14.5624
15.0831
14.6288
14.5281
14.7274
15.0056
14.7114
14.755
14.6839
14.7919
14.4279
14.718
14.5235
14.455
14.7437
14.9672
14.8183
14.7652
14.6876
14.7385
14.5744
14.6876
14.7144
14.6167
14.5873
14.5146
14.1994
14.4172
14.6055
14.5905
14.5134
14.728
14.858
14.649
14.3789
14.7906
15.0548
14.8366
14.8445
14.7521
14.3886
14.6624
14.6379
14.8373
14.6286
14.8044
14.8599
14.5805
14.8628
15.0341
14.7761
14.501
14.4735
14.7513
14.7704
14.5336
14.727
14.7915
14.5245
14.7191
14.5734
14.4856
14.6074
14.7018
14.6511
14.878
14.5753
14.6843
14.8859
14.8232
14.7845
14.6123
14.795
14.8415
14.5516
14.8971
14.5957
14.6816
14.7374
14.4322
14.4487
14.2845
14.7979
14.7788
14.6599
14.7743
14.6559
14.7502
14.7808
14.9833
14.8111
14.4414
14.539
14.4418
14.4628
14.8527
14.7149
14.6938
14.907
14.5767
14.6987
14.7221
14.9166
14.4345
14.4611
14.684
14.6275
14.7565
14.6075
14.5992
15.0709
14.5985
14.7857
14.5488
14.4308
14.5914
14.8804
14.4349
14.6968
14.6646
14.5125
14.9461
14.4943
14.8353
15.0113
14.5494
14.9159
14.6596
14.7093
14.659
14.679
14.7081
14.7561
14.8613
14.7763
14.8032
14.9308
14.6709
14.8209
14.7304
14.4883
14.8634
14.6426
14.4546
14.6372
14.8438
14.4748
14.7864
14.5181
14.8901
14.6954
14.649
14.6374
14.7286
14.787
14.5127
14.5909
14.6143
14.9034
14.7931
14.594
14.5912
14.5718
14.6379
14.593
14.514
14.7188
14.7207
14.3804
14.758
14.5359
14.3723
14.7133
14.5169
14.775
14.5163
14.6777
14.4312
14.8487
14.8187
14.5619
14.7759
14.7445
14.8628
14.6389
14.6867
14.6348
14.568
14.3027
14.2975
14.8141
15.1049
14.6983
14.502
14.8251
14.4668
14.8795
14.5773
14.672
14.7744
14.5661
14.839
14.6923
14.6085
14.6961
14.5814
14.6148
14.6072
14.5651
14.5876
14.7119
14.6156
14.7336
14.5569
14.5484
15.0294
14.5587
14.4465
14.7151
14.5889
14.4852
15.006
14.4323
14.5665
14.7995
14.6343
14.6953
14.3614
14.8
14.7537
14.8692
14.648
14.7249
14.66
14.6144
14.7503
14.903
14.7749
14.6799
14.4787
14.531
14.481
14.669
14.8608
14.4768
14.6993
14.6887
14.6297
14.872
14.7874
14.5927
14.4313
14.6932
14.4309
14.6406
14.77
14.9425
14.8534
14.7483
14.8326
14.6718
14.4335
14.3952
14.9107
14.7246
14.5549
14.8446
14.5387
15.0088
14.3435
15.0967
14.6978
14.7444
14.8703
14.7222
14.655
14.5222
14.3181
14.7817
14.7721
14.6964
14.5819
14.7915
14.7726
14.9014
14.7105
14.8012
14.6047
14.8948
14.7068
14.5913
14.6722
14.6735
14.5436
14.5285
14.6868
14.8649
14.8778
14.6912
14.6363
14.727
14.5752
14.7445
14.5313
14.4584
14.3885
14.9013
14.5807
14.5891
14.7452
14.3677
14.5631
14.9563
14.4934
14.7309
14.699
14.9848
14.8159
14.6077
14.6844
14.7447
14.6682
14.5667
14.4346
14.4519
14.7936
14.6555
14.6456
14.8229
14.5794
14.8585
14.5717
14.5998
14.5576
14.7554
14.7376
14.7464
14.8103
14.7921
14.7959
14.8348
14.5425
14.8779
14.6923
14.7639
15.0592
14.5295
14.6436
14.7425
14.753
14.5827
14.3937
14.6634
14.9434
14.5602
14.8531
14.7214
14.6158
14.9615
14.4106
14.9951
14.4975
14.7988
14.7887
14.9712
14.6018
14.5668
14.6061
14.8642
14.7049
14.6886
14.4961
14.8733
15.0362
14.5039
14.3597
14.4211
14.8238
14.5257
14.5369
14.8157
14.9838
14.4841
14.9456
14.8479
14.5782
14.8459
14.9244
14.5498
14.9913
14.5889
14.4161
14.685
14.5788
14.7041
14.7166
14.8534
14.7351
14.5797
14.5705
14.6717
14.5509
14.2616
14.3388
14.7263
14.54
14.8352
14.6444
14.6914
14.8279
14.8157
14.62
14.6687
14.2144
14.6637
14.6965
14.6365
14.6804
14.584
14.7627
14.5945
14.4728
15.1605
14.256
14.6474
14.9365
14.4523
14.9627
14.5722
14.5301
14.6563
14.7778
14.828
14.5439
14.924
14.7776
14.5739
14.8161
14.7465
14.4502
14.6501
14.8045
14.783
15.0944
14.5722
14.7105
14.3078
14.6578
14.6761
14.7545
14.4416
14.6416
14.2673
14.6504
14.7275
14.869
14.6673
14.5547
14.5896
14.5471
14.4609
14.7615
14.8209
14.8528
14.7673
14.8784
14.5609
14.7981
14.5783
14.8018
14.5068
14.6229
14.5195
14.6232
14.7274
14.6035
14.3978
14.9386
14.691
14.5616
14.6098
14.4542
14.6067
14.8075
14.5223
14.9069
14.921
14.6358
14.7596
14.4064
14.9435
14.4771
14.6534
14.6988
14.4703
14.5671
14.8083
14.6126
14.5167
14.6606
14.5101
14.4063
14.7394
14.8692
14.4229
14.9563
14.7408
14.284
14.7388
14.6763
14.7437
14.8236
14.8671
14.7508
14.4908
14.7562
14.7412
14.3849
14.624
14.7159
14.4454
14.6566
14.4749
14.7297
14.96
14.6829
14.8339
14.4791
15.0247
14.8378
14.9928
14.3038
14.6488
14.9518
14.5833
14.5683
14.4829
14.4658
14.5614
14.5077
14.8144
14.4802
14.7189
14.6582
14.6671
14.8301
15.0468
14.3586
14.7388
14.4577
14.4808
14.7268
14.866
14.7347
14.7519
14.3984
14.4888
14.5621
14.2885
14.3981
14.7768
14.6216
14.7816
14.8291
14.6629
14.6887
14.2655
14.5634
14.6702
14.6912
14.8797
14.6419
14.5499
14.5073
14.76
15.001
14.6511
14.8854
14.5829
14.7073
14.6942
14.9267
14.5537
14.8164
14.7456
14.6962
14.9221
14.4608
14.771
14.7109
14.5553
14.7247
14.429
14.8412
14.6861
14.4904
14.4535
14.6138
14.5704
14.8041
14.4578
14.6053
14.6107
14.5207
14.8406
14.4908
14.931
14.7249
14.5598
14.3779
14.9096
14.4157
14.3744
14.6776
14.7404
14.8825
14.7689
14.4617
14.4089
14.8418
14.4887
14.965
14.7358
14.6686
14.509
14.8681
14.8454
14.34
14.6642
14.4723
14.791
14.9202
14.7298
14.5023
14.8522
14.4438
14.5546
14.4899
14.4791
15.0698
14.4555
14.5753
14.7424
14.516
14.6237
14.7599
14.7593
14.9519
14.3455
14.8826
14.7465
14.7561
14.6235
14.7019
14.6449
14.5416
14.9681
14.3241
14.6122
14.849
14.4656
15.1344
14.4682
14.5397
14.9657
14.5641
14.585
14.4293
14.6673
14.8395
14.576
14.6949
14.6466
14.6832
14.6142
14.4907
14.498
14.3448
14.8624
14.7193
14.547
14.8335
14.3558
14.7312
14.6639
14.5399
14.6714
14.7996
14.6996
14.6161
14.6985
14.5987
14.5846
14.5895
14.8678
14.6055
14.7855
14.691
14.871
14.9416
14.7084
14.8245
14.7814
14.9882
14.5527
14.8461
14.5912
14.6554
14.4668
14.7101
14.5749
14.6507
14.4205
14.8892
14.7129
15.0262
14.7274
14.7882
14.7987
14.8139
14.5978
14.8178
14.8489
14.8948
14.8751
14.6848
14.7419
14.36
14.3527
14.6298
14.2531
14.5146
14.7273
14.7802
14.6705
14.709
14.6802
14.7759
14.6562
14.5762
14.486
14.3625
14.3275
14.8009
14.6518
14.6516
14.6694
14.731
14.6677
14.7229
14.4544
14.7111
14.7141
14.8089
14.5594
14.7126
14.7024
14.6239
14.6009
14.6176
14.6362
14.7657
14.6374
14.7126
14.6596
14.5448
14.5781
14.9273
14.7975
15.0043
14.5399
14.5225
15.1228
14.5774
14.8178
14.9455
14.5454
14.7738
14.5937
14.7306
14.596
14.4306
14.8374
14.447
14.9374
14.6221
15.1388
14.5348
14.4196
14.7411
14.6494
14.6063
14.8179
14.7975
14.5666
14.7781
14.4597
14.8046
14.8098
14.8313
14.7114
14.6692
14.5915
14.938
14.8393
14.7741
14.8572
14.4984
14.8566
14.9479
14.2705
14.6013
14.7411
14.8027
14.3903
14.7185
14.651
14.9471
14.5529
14.4761
14.7488
14.6038
14.4091
14.9289
14.5328
14.7443
14.616
14.7678
14.5566
14.836
14.8671
14.7554
14.4098
15.182
14.6644
14.7533
14.7869
14.5002
14.6899
14.7889
14.839
14.6006
14.4471
14.6773
14.7922
14.6203
14.8419
14.6869
14.5929
15.1783
14.5187
14.6137
14.8934
14.8087
14.4585
14.5501
15.1038
14.5058
14.3906
14.6878
14.5383
14.3335
14.7957
14.716
15.0235
14.986
14.6855
15.2475
14.4441
14.6728
14.3979
14.8423
14.3987
14.7605
14.7692
14.6583
14.5792
15.0809
14.568
14.7976
14.5616
14.5979
14.4768
14.8513
14.6335
14.8149
14.6467
14.5958
14.8635
15.0778
14.6424
14.6184
14.388
14.8129
14.7884
14.8298
14.4147
14.324
14.7018
14.6082
14.8458
14.8576
14.7835
14.5814
14.9116
14.548
14.4205
14.4736
14.7132
14.6798
14.4938
14.7413
14.5516
14.7944
14.5479
14.4407
14.833
14.9091
14.7994
14.3618
14.6174
14.776
14.2692
14.7707
14.8789
14.7635
14.7334
14.6113
14.9499
14.7068
14.7193
14.7404
14.7313
14.8256
14.6078
14.6811
14.7145
14.5497
14.6081
14.9278
14.8113
14.8425
14.6015
14.6478
14.7994
14.5867
14.7414
14.4198
14.3921
14.5054
14.6484
14.6591
14.6048
14.8342
14.6835
14.4752
14.5865
14.6599
14.6481
14.4679
14.5948
15.2117
14.7286
14.6958
14.5552
14.9618
14.9995
14.4307
14.7174
14.4117
14.9528
14.2859
14.9133
14.8074
14.3531
14.9761
14.5153
14.7451
14.7459
14.7041
14.9295
14.361
14.4937
14.7284
14.5337
14.4609
14.8499
14.6929
14.5038
14.5703
14.6808
14.29
14.761
14.7233
14.7146
14.988
14.884
14.627
14.5974
14.415
14.4011
14.4744
14.5704
14.9909
14.7364
14.8786
14.7522
14.3325
14.6567
14.488
14.8756
14.563
14.9175
14.501
14.6776
14.8487
14.1735
14.7668
15.0455
14.475
14.7184
14.716
14.8258
14.7628
14.6068
14.3054
14.554
14.6245
14.8396
14.5505
14.4995
14.4891
14.3584
14.4101
14.7646
14.6503
14.5309
14.816
14.5412
14.6551
14.707
14.6955
14.7116
14.9118
14.7055
14.6777
14.9822
14.886
14.9199
14.8851
14.58
14.7535
14.7852
14.7778
14.6873
14.4505
14.4962
14.2132
14.7154
14.763
14.5935
14.5261
14.8198
14.7881
14.7598
14.7203
14.2285
14.6469
14.7853
14.7851
14.472
14.6502
14.83
14.8761
14.5821
14.732
14.731
14.9719
14.9904
14.4345
15.1177
14.5469
14.6876
14.4889
14.4076
14.7043
14.7754
14.8358
14.575
14.6527
14.8692
14.4643
14.91
14.9934
14.5303
14.9406
14.6724
14.901
14.7642
14.4774
14.5747
14.8826
14.5495
14.5237
14.4725
14.6532
14.4852
14.8918
14.3954
14.7877
14.3998
14.5772
14.6743
15.0466
14.537
14.7409
14.9557
14.8131
14.3428
14.5247
14.9301
14.7393
14.8133
14.5262
14.4395
14.6648
14.6368
14.7753
14.5837
14.8849
14.8167
14.8348
14.6624
14.6111
14.7173
14.6593
14.581
14.8976
14.5496
14.8239
14.9036
14.7084
14.3975
14.6121
14.5324
14.9094
14.4144
14.7544
14.5187
14.7089
14.812
14.8508
14.56
14.4559
14.7185
14.4843
14.3575
14.846
14.7347
14.9888
14.2943
14.929
14.4905
14.5281
14.7844
14.66
14.3853
14.6917
14.5271
14.6735
14.9692
14.5413
14.3884
14.6286
14.7196
14.7402
14.8126
14.2711
14.5861
14.7645
14.9313
14.9522
14.7802
14.9251
14.5819
14.8916
14.6373
14.5017
14.7289
14.5974
14.9329
14.5238
14.8509
14.8663
14.5004
14.7719
14.5608
14.5429
14.5112
14.8943
14.692
14.7141
14.9346
14.9242
14.2871
14.7885
14.9069
14.4394
14.8939
14.7148
14.6333
14.3439
14.6624
14.7784
14.6487
14.6692
14.5027
14.6365
14.5405
14.7236
14.72
14.8783
14.8333
14.6263
14.8743
14.7206
15.0545
14.8261
14.996
14.6147
14.4784
14.3167
14.7591
14.6102
14.6191
14.5872
14.4355
14.7691
14.5734
14.6588
14.6975
14.5964
14.8412
14.5426
14.6973
14.793
14.8731
14.7755
14.8524
14.6144
14.5532
14.6087
14.7158
14.5529
14.741
14.4831
14.5962
14.6762
14.8351
15.0918
14.6177
14.6266
14.4872
14.8327
14.686
14.9019
14.6167
14.2998
14.5527
14.6372
14.544
14.5308
14.5197
14.6107
14.4579
14.666
14.7986
14.4906
14.8747
14.4034
14.898
14.8005
14.5465
14.6878
14.6618
14.7875
14.3266
14.693
14.4288
14.8399
14.5368
14.6875
14.6178
15.0355
14.5926
14.5344
14.7913
14.5064
14.8286
14.6622
14.9774
14.6024
14.489
14.6755
14.288
14.6741
14.6591
14.7255
14.6305
14.575
14.5533
14.2214
14.7012
14.8793
14.7392
14.6985
14.5967
14.5448
14.9418
14.836
14.6962
14.8163
14.6834
14.7494
14.4467
14.6416
14.9704
14.9128
14.4987
14.5834
14.609
14.8787
14.8525
14.6622
14.7696
14.9794
14.4597
14.9554
14.9403
14.8125
14.5884
14.3663
14.5555
14.8615
14.6369
14.6559
14.9271
14.3031
14.6231
14.771
14.7492
14.5959
14.9072
14.2036
14.4198
14.7854
14.6821
14.7293
14.6796
14.8269
14.8186
14.62
14.3935
14.7699
14.6597
14.4549
14.8721
14.3029
14.5378
14.8334
14.9429
14.8652
14.2941
14.666
14.7957
14.4431
14.7351
14.5251
14.7676
14.5162
14.848
14.9018
14.718
14.8067
14.4148
14.4757
14.6026
14.8847
14.7444
14.6914
14.4942
14.7015
14.6204
14.7241
14.4065
14.7079
14.8919
14.3004
14.8497
14.6845
14.6576
14.5796
14.0136
14.3864
14.7694
14.6076
15.1621
14.5588
14.8383
14.7193
14.4671
14.6377
14.6342
14.7547
14.6013
14.6489
14.6622
14.4312
14.891
14.4709
14.2945
14.7192
14.5972
14.7735
14.6573
14.9352
14.6121
14.9886
15.2032
14.7787
14.7995
14.9858
14.5971
14.3596
14.6849
14.5885
14.9701
14.73
14.8562
14.5422
14.4018
14.6518
14.6801
14.8106
14.4029
15.0954
14.4843
14.6635
14.8473
14.6394
14.731
14.4924
14.815
14.6897
14.4543
14.6087
14.7476
14.6387
14.5394
14.4058
14.6727
14.7044
14.8388
14.6051
14.4632
15.0655
14.8109
14.6641
14.8359
15.0198
14.7642
14.7074
14.6222
14.7868
14.5341
14.7617
14.8096
14.5291
14.9322
14.7119
14.6785
14.5165
14.9253
14.8214
14.6146
14.7246
14.6573
14.5623
15.0714
14.7323
14.5642
14.5223
14.6646
14.6553
14.6413
14.6466
14.5261
14.4222
14.5442
14.779
14.6417
14.996
14.6129
14.9598
14.6524
14.7685
14.8944
14.6571
14.698
14.6353
14.8106
14.3581
14.6578
14.8275
14.7419
15.0599
14.7167
14.5897
14.4967
14.7293
14.7065
14.7229
14.6514
14.5297
14.681
14.8385
14.6344
14.5034
14.6296
14.7095
14.7017
14.6037
14.7067
14.7093
14.6699
14.4445
14.8386
14.9435
14.5189
14.7828
14.6652
14.5966
14.764
14.5557
14.2934
14.614
14.7177
14.7279
14.7391
14.9532
14.7636
14.7649
14.7687
14.6236
14.8368
14.9236
14.6771
14.642
14.7334
14.6029
14.9474
14.612
14.5967
14.5648
14.7377
14.6663
14.7496
14.6879
14.5487
14.4974
14.5704
14.5107
14.7257
14.6477
14.7004
14.7212
14.7989
14.3339
14.7438
14.8171
14.6955
14.6126
14.7418
14.5687
14.4815
15.0041
14.7124
14.7727
14.7856
14.5654
14.6804
14.5085
14.6832
14.4916
14.3845
14.7551
14.4138
14.9189
14.5696
14.6719
14.3973
14.827
14.9227
14.5766
14.5175
14.5712
14.5208
14.2323
14.6187
14.9933
14.6816
14.6046
14.8143
14.749
14.8634
14.6284
14.8139
14.5372
14.6807
14.7473
14.8435
14.7254
14.4031
14.9096
14.4932
14.4665
14.7644
14.8409
14.8427
14.801
14.3255
14.5595
14.6509
14.4224
14.7498
14.7997
14.5677
14.928
14.498
14.9507
14.7029
14.4316
14.4733
14.7631
14.8094
14.4874
14.5795
14.8074
14.7956
14.7123
14.8318
14.5575
14.5954
14.6363
14.6152
14.5028
14.5816
14.3307
14.6973
14.9363
14.64
14.9105
14.218
14.8784
14.6754
14.6974
14.6862
14.475
14.4651
14.6466
14.5084
14.5848
14.5794
14.9965
14.5459
14.5448
14.4296
15.1537
14.7636
14.6635
14.3839
14.8621
15.003
14.6041
14.9143
14.6892
14.4477
14.7717
14.7034
14.7445
14.9201
14.676
14.8152
14.7173
14.7034
14.64
14.6473
14.6333
14.8555
14.5892
14.7371
14.7853
14.6971
14.802
14.6612
14.5765
14.3634
14.7486
14.8377
14.4039
14.4388
14.7767
14.384
14.523
14.8024
14.7941
14.4677
14.6587
14.7567
14.7145
14.9486
14.6019
14.5444
14.5253
14.7209
14.7732
14.7739
14.7528
14.8202
14.5366
14.7075
14.4781
14.9227
14.5461
14.6951
14.3757
14.7911
14.8375
14.7385
14.5216
14.8383
14.493
14.6009
14.6205
14.7604
14.7968
14.7438
14.497
14.7739
14.6127
14.598
14.7702
14.5914
14.8352
14.7848
14.6702
14.7545
14.7273
14.6162
14.625
14.976
14.4626
14.9726
14.7833
14.7907
14.9008
14.5516
14.7595
14.778
14.658
14.6956
14.9721
14.831
14.4173
14.7259
14.5099
14.524
14.4695
14.6637
14.4395
14.7275
14.848
14.6154
14.7805
14.5684
15.0233
14.9139
14.7936
14.7467
14.5978
14.592
14.5861
14.4066
14.222
14.3975
14.6538
14.6375
14.6276
14.4327
14.4692
14.5025
14.3999
14.6025
14.8342
14.6234
14.6551
14.8084
14.6247
14.5226
14.5898
14.3187
14.9516
14.652
14.4012
14.7382
14.7366
14.4836
14.6269
14.8488
14.6286
14.9162
14.9876
14.8601
14.6174
14.6215
14.8878
14.7803
14.7439
14.4858
14.6671
14.6295
14.7267
14.4757
14.8858
14.5728
14.7824
14.7271
14.8122
14.8336
14.5989
14.729
14.4592
14.7123
14.8036
14.494
14.5265
14.7505
14.8978
14.8667
14.7373
14.7138
14.3655
14.7178
14.6923
14.648
14.5405
14.6501
14.8807
14.5914
14.8389
15.0485
14.7134
14.8006
14.6213
14.4665
14.8776
14.6136
14.5005
14.5633
14.4744
14.4919
14.9586
14.5584
14.9443
14.6231
14.5288
14.484
14.4185
14.7336
14.5912
14.3982
14.5701
14.6263
14.1486
14.7225
15.0055
14.8309
14.7351
14.6656
14.4505
14.9852
14.4936
14.7272
14.6683
14.9792
14.6857
14.8125
14.8641
14.6132
14.4576
14.332
14.8978
14.6444
14.8924
14.5888
14.5545
14.7037
14.6826
14.7381
14.7031
14.508
14.777
14.3449
14.6282
14.9003
14.5503
14.6656
14.3874
14.6158
14.6602
14.8174
14.7926
14.9186
14.6304
14.7324
14.6258
14.7859
14.5367
14.6191
14.6536
14.4384
14.6977
15.1277
14.5231
14.3412
14.6122
14.7941
14.9009
14.4988
14.8636
14.6445
14.6094
14.7314
14.4972
14.9091
14.6285
14.4134
14.9261
14.9172
14.9123
14.7013
14.742
14.6272
14.4804
14.7961
15.1509
14.9678
14.5719
14.5385
14.8324
14.6321
14.6003
14.6187
14.796
14.8017
15.0711
14.6271
14.5673
14.5482
14.8424
14.445
14.5947
14.9773
14.7445
14.4689
14.8217
14.4047
14.6785
14.6568
14.7934
14.6418
14.7666
14.5152
14.775
14.5998
14.832
14.5317
14.8037
14.7165
14.4738
14.6556
14.7856
14.4795
14.5861
14.7495
14.4399
14.9054
14.3617
14.7058
14.6581
14.7646
14.6475
14.4272
14.6161
14.9773
14.8078
14.8867
14.7888
14.6494
14.5822
14.51
14.8287
14.8672
14.5729
14.8984
14.5357
14.7641
14.8575
14.6828
14.9012
14.9538
14.685
14.6026
14.6477
14.7229
14.4585
14.7891
14.4374
14.3824
14.4667
14.6901
14.4646
14.8912
14.5192
14.9895
14.6433
14.5484
14.4377
14.8136
14.4057
14.8939
14.5064
14.7825
14.729
14.64
14.7521
14.8822
14.7224
14.8282
14.6707
14.9051
14.6705
14.5092
14.7172
14.6451
14.3846
14.9289
14.9535
14.7614
14.5701
15.1274
14.7582
14.7948
14.7092
14.6873
14.6734
14.6659
15.0278
14.4859
14.6542
14.5814
14.8043
14.4199
14.4877
14.773
14.6332
14.7025
14.8556
14.7852
14.5295
14.6017
14.9806
14.6283
14.6838
15.0399
14.6192
14.5622
14.6536
14.5614
14.6448
14.6447
14.4789
14.767
14.5047
14.6297
14.4062
14.6103
14.7544
14.6272
14.9665
14.556
14.6552
14.7489
14.5532
14.5454
14.528
14.8083
14.346
14.7192
14.4833
14.7665
14.4412
14.6258
14.5795
14.4806
14.5061
14.3929
14.5718
14.5805
14.6071
14.4246
14.7308
14.5112
14.6467
14.4834
14.4983
14.5701
14.8223
14.7216
14.3318
14.8218
14.6831
14.4631
14.6455
14.5571
14.905
14.8324
14.606
14.9139
14.6292
14.6464
15.0006
14.385
14.3823
14.6276
14.7378
14.9005
14.5726
14.7447
14.8277
14.6192
14.7372
14.9565
14.6339
14.6653
14.6124
14.7533
14.8108
14.5515
15.104
14.6021
14.5725
14.5285
14.6811
14.6069
14.5698
14.5262
14.4041
14.3835
14.8562
14.5111
14.7842
14.8188
14.8237
14.6967
14.6782
14.7123
14.9452
14.6087
14.6162
14.5637
14.5663
14.6402
14.6434
14.455
14.9873
14.9944
14.5537
14.6965
14.4843
14.576
14.4704
14.697
14.7471
14.5701
14.5559
14.7628
14.6542
14.6652
14.75
14.8421
14.5632
14.6174
14.7881
14.7462
14.5893
14.4953
14.7338
14.5813
14.6383
14.7596
14.2855
14.7884
14.7996
14.5848
14.6649
14.8263
14.5156
14.6347
14.9533
14.7327
14.5802
14.4855
14.8897
14.5779
14.6573
14.4864
14.7921
14.5036
14.5428
14.8701
14.5433
14.6656
14.8695
14.5473
14.6183
14.4772
14.5491
14.6565
14.6051
14.7718
14.8541
14.5188
14.6024
14.7839
14.378
14.8376
14.8064
14.456
14.7467
14.73
14.7463
14.8132
14.5946
14.2797
14.7931
14.9825
14.845
14.5012
14.7145
14.7682
14.764
14.8643
14.4381
14.7682
14.6815
14.7407
14.6715
14.5797
14.6665
14.3856
14.8282
14.4042
14.4591
14.6723
14.5206
14.5303
14.7369
14.605
14.3697
14.3584
14.4989
14.7131
14.8064
14.722
14.7017
14.6514
14.5705
14.9129
14.5616
14.8599
14.6999
14.5473
14.6991
14.898
14.5272
14.6507
14.7085
14.6517
14.6276
14.7631
14.5869
14.2226
14.9126
14.7213
14.5332
14.6961
14.9083
14.6911
14.3105
14.8501
14.7895
14.5381
14.6028
14.4971
14.5901
14.5516
14.6424
14.2532
14.6293
14.4372
14.7076
14.684
14.3887
14.7937
14.6087
14.7801
14.5749
14.5445
14.7028
14.6119
14.5138
14.734
14.5991
14.8582
14.7163
14.6732
14.5916
14.5712
14.4563
14.7638
14.6814
14.8267
14.9281
14.706
14.6834
14.612
14.5978
14.7032
15.0532
14.6348
14.5966
14.5598
14.3783
14.6151
14.524
14.4699
14.4032
14.6033
14.5351
14.6701
14.9206
14.7298
14.7961
14.8019
14.4699
14.4625
14.7239
14.7575
14.5793
14.6956
14.8074
14.735
14.6219
15.0097
14.5003
14.5809
14.5239
14.6119
14.8089
15.0163
14.5952
14.6306
14.955
14.5771
14.6661
14.7709
14.6614
14.6692
14.6793
14.4605
14.8753
14.4808
14.6159
15.0735
14.5816
14.535
14.6311
15.0091
14.6023
14.7521
14.4152
14.4866
14.7683
14.4777
14.5831
14.6411
14.5217
14.8634
14.6571
14.6141
14.7621
14.7121
14.6014
14.7311
14.7452
14.4909
14.4579
14.7045
14.7707
14.7476
14.7056
14.5558
14.638
14.5567
14.4336
14.7045
14.782
14.7584
14.7834
14.6512
14.5527
14.5274
14.5538
14.5905
14.7241
14.7676
14.4202
15.1164
14.7125
14.4604
14.6817
14.4459
14.7612
14.607
14.35
14.525
14.9602
14.4967
14.5479
14.5389
14.6581
14.8751
14.6173
14.7543
14.6174
14.6884
14.615
14.6689
14.7144
14.9851
14.5788
14.5703
14.6889
14.4784
15.0394
14.775
15.1173
14.5144
14.6558
14.8846
15.0281
14.8521
14.7553
14.662
14.8567
14.6648
14.5018
14.4411
14.6936
14.6956
14.6458
14.7255
14.592
14.6736
14.6622
14.6533
14.554
14.8203
14.8673
14.6288
14.4551
14.7557
14.5762
14.413
14.7893
14.5103
14.9715
14.3607
14.848
14.9149
14.7328
14.129
14.3955
14.448
14.8418
14.7293
14.5862
14.9244
14.6463
14.571
14.7557
14.4308
14.494
14.6589
14.747
14.543
14.3517
14.5495
15.0047
14.7152
14.8369
14.7575
14.6503
14.6641
14.6714
15.0665
15.0359
14.542
14.539
14.374
14.7826
14.7262
14.6463
14.5952
14.7599
14.6508
14.6725
14.6105
14.7399
14.8171
14.9423
14.8008
14.4113
14.9728
14.698
14.6505
14.9673
14.6123
14.7
14.7569
14.557
14.8359
14.6691
14.3395
14.576
14.891
14.7507
14.572
14.5833
14.6595
14.3521
14.8663
14.3694
14.512
14.5421
14.6466
14.7941
14.8832
14.7484
14.8022
14.7914
14.807
14.7963
14.7887
14.4465
14.4314
14.7721
14.6594
14.7617
14.5409
14.9415
14.8357
14.4892
14.8682
14.4324
14.6585
14.5773
14.5026
14.6914
14.4602
14.7638
14.8243
15.0497
14.3542
14.7194
14.3845
14.6176
14.4483
14.5847
14.5255
14.4911
14.7749
14.8564
14.5794
14.8037
14.3782
14.7489
15.0357
14.7002
14.6024
14.563
14.9688
14.6315
14.4753
14.3806
14.757
14.4413
14.6531
14.6319
14.8494
14.6978
14.4231
14.7906
14.5622
14.68
14.9781
14.4351
14.7521
14.422
15.0328
14.4329
14.6811
14.5651
14.7788
14.6746
14.9457
14.7396
14.7792
14.7825
14.5477
14.5761
15.183
14.1347
14.8103
14.9885
14.5027
14.6852
14.3928
14.8218
14.5645
14.7561
14.6972
14.737
14.5428
14.7241
14.6496
14.6896
14.5862
14.6192
14.8011
14.6967
14.4835
14.5318
14.5298
14.8031
14.6296
14.5148
14.9713
14.2689
14.8549
14.7159
14.8887
15.028
14.7731
14.6464
14.6565
14.4342
14.6964
14.6089
14.5317
14.9674
14.5293
14.6209
14.6154
14.2907
14.5601
14.5746
14.9691
14.9764
14.6288
14.5265
14.7071
14.4627
14.7654
14.4521
14.8325
14.6584
14.7118
14.691
14.6032
14.385
14.8432
14.6189
14.765
14.5209
14.8278
15.1362
14.6232
14.4406
14.6949
14.9485
14.7132
14.4924
14.8106
14.7938
14.4663
15.0054
14.611
14.9292
14.5167
14.4995
14.6525
14.2279
14.5703
14.6317
14.8961
14.682
14.5536
14.5592
14.521
14.4197
14.7562
14.5284
14.6897
14.4749
14.8061
14.6818
14.4956
14.2147
14.4278
14.841
14.7217
14.8941
14.851
14.3526
14.997
14.6624
14.5977
14.4614
14.5408
14.6786
14.894
14.5917
14.7411
14.4147
14.668
14.9288
14.6143
14.5938
14.7928
14.4039
14.7218
14.7542
14.6547
14.5866
14.918
14.5065
14.8619
14.583
14.6111
14.4516
14.6221
14.8601
14.4941
14.5767
14.6844
14.6658
14.5067
14.5064
14.6792
15.0813
14.7491
14.7441
14.8939
14.6132
14.5076
14.5401
14.7966
14.5781
14.7518
14.6498
15.0066
14.9196
14.568
14.4436
14.9748
14.5993
14.5508
14.9923
14.4424
14.7971
14.698
14.5995
14.4736
14.4802
14.6637
14.8466
14.5613
14.6978
14.8199
14.715
14.6535
14.7358
14.7467
14.6552
14.6697
14.7548
14.594
14.5597
15.0264
14.5512
14.3882
14.5793
14.923
14.5953
14.3711
14.7541
14.35
14.8589
14.6863
14.442
14.7522
14.7496
14.6788
14.6713
14.6621
14.7061
14.578
14.7663
14.3307
14.4126
14.7531
14.7831
14.6758
14.7965
14.7231
14.654
15.0685
14.6346
14.5638
14.7433
14.5387
14.4691
14.4506
15.077
14.6521
14.8132
14.9079
14.6187
14.8195
14.7903
14.625
14.7784
14.5412
14.9548
14.3463
14.6864
14.783
14.5706
14.7826
14.6657
14.7366
14.5711
14.9346
14.7688
14.4727
14.4124
14.7457
14.7069
14.759
14.6841
14.8062
14.9328
14.4883
14.7654
14.5557
14.581
14.6066
14.6193
14.6851
14.7704
14.3785
14.5361
14.3152
14.7728
14.5598
14.6958
14.5973
14.6139
14.4347
14.4084
14.6453
14.8234
15.038
14.7197
14.408
14.8661
14.5295
14.5754
14.8104
14.6426
14.8006
14.4279
14.4487
14.662
14.8053
14.5202
14.7242
14.9162
14.5448
14.5549
14.6138
14.3237
14.7264
14.313
14.8118
14.5109
14.705
14.8665
14.898
14.4778
14.7667
14.2008
14.403
14.7679
14.426
14.6558
14.3997
14.4745
14.5887
14.6562
14.7826
14.5509
14.7852
14.506
14.9202
14.811
14.5056
14.6929
14.4268
14.7726
14.9784
14.6197
14.6602
14.8496
14.4748
14.7846
14.8997
14.4108
14.6415
14.7619
14.4281
14.7176
14.6469
14.5373
14.8641
14.6436
14.8277
14.6255
15.0087
14.7606
14.8967
14.6523
14.7493
14.5133
14.9039
14.6554
14.558
14.681
14.3733
14.7393
14.4006
14.695
14.3924
14.6968
15.0632
14.4099
14.6811
14.5807
15.0399
14.8739
14.6145
14.6079
14.6724
14.836
14.6053
14.559
14.8475
14.6651
14.5349
14.6817
14.7485
14.5646
14.8181
14.9116
14.6881
14.8098
14.5934
14.5328
14.5807
14.6006
14.9391
14.5093
14.6808
14.7186
14.9378
14.4425
14.5201
14.7177
14.6111
14.6493
14.638
14.5283
14.6158
14.5322
14.757
14.6443
14.524
14.5137
14.8142
14.7292
14.8196
14.4872
14.6398
14.5108
14.8657
14.7039
14.7703
14.7475
14.6306
15.1557
14.4506
14.5725
14.6862
14.7795
14.5706
14.5415
14.6282
15.042
14.6857
14.4949
14.6396
14.4002
14.412
14.5409
14.4451
14.8114
14.6743
14.7396
14.6668
14.7825
14.4874
14.8817
14.4569
14.539
14.5527
14.7868
14.6051
14.6399
14.6742
14.7284
14.6783
14.7288
14.318
14.4679
14.4694
14.4668
14.6578
14.4367
14.5599
14.8223
14.6937
14.4013
14.8693
14.6206
14.7243
14.591
14.6246
14.4227
14.5625
14.827
14.2998
14.6124
14.7231
14.4442
14.7466
14.8493
14.6417
14.6182
14.5102
14.6132
14.7492
14.8009
14.7892
14.8227
14.5534
14.9034
14.9617
14.4845
14.5121
14.7336
14.4535
14.5469
14.8986
14.4678
14.3989
14.8878
14.6343
14.7559
14.8157
14.8532
14.8446
14.7199
14.7933
14.3655
14.5652
14.9386
14.7561
14.8225
15.0002
14.4862
14.7444
14.4767
14.6153
14.3953
14.4302
14.4076
14.7693
14.75
14.7473
14.8265
14.9462
14.8912
14.683
14.5317
14.863
14.6708
14.8445
14.4736
14.4135
14.9078
14.2532
14.7238
14.5048
14.7498
14.6467
14.6459
14.9766
14.7319
14.7905
14.6204
14.6806
14.6582
14.4789
14.726
14.4961
14.463
14.9079
14.4636
14.9799
14.6463
14.9698
14.5876
15.032
14.409
14.8443
14.772
14.7205
14.7644
14.5342
14.6233
14.676
14.6219
14.5808
14.6758
14.6264
14.7281
14.8033
14.4758
14.4491
14.7601
14.7626
14.7729
14.4319
14.6804
14.6361
14.6209
15.0579
14.6295
14.6251
14.5983
14.5694
14.5894
14.568
14.42
14.4198
14.5853
14.7424
14.5458
14.6296
14.5734
14.8004
14.7577
14.6899
14.6669
14.909
14.5381
14.7404
14.6194
14.852
14.6664
14.5187
14.7403
14.392
14.2816
15.0547
14.6827
14.8202
14.6408
14.8699
14.6853
14.6137
14.7907
15.0158
14.8744
14.9215
14.7652
14.5263
14.9443
14.5093
14.7571
14.6466
14.5657
14.5052
14.8096
14.8513
14.6934
14.6051
14.7352
15.0281
14.9852
14.563
14.6476
14.8733
14.9099
14.8571
14.5689
14.8515
14.883
14.5586
14.4921
14.6137
14.6599
14.6275
14.6404
14.9169
14.361
14.5981
14.4897
14.5571
14.601
14.6534
14.3967
14.6954
14.4707
14.3796
14.6659
14.9406
14.7922
14.9149
14.7849
14.6817
14.6852
14.4707
14.4163
14.7111
14.6438
14.7138
14.4576
14.4932
14.7872
14.6528
14.6101
15.0367
14.3382
14.7993
14.6309
14.8062
14.7755
14.7035
14.8335
14.6467
14.3068
14.9188
14.5873
14.6479
14.753
14.7701
14.4909
14.8072
14.8573
14.8462
14.8114
14.9054
14.4631
14.7012
14.6295
14.7858
14.696
14.7494
14.6882
14.5915
14.9051
14.7857
14.7767
14.7168
14.4362
14.9712
14.6056
14.3489
14.8347
14.3287
14.6812
14.4982
14.6885
14.6352
14.5462
14.4656
15.0529
14.2483
15.063
14.5052
14.8549
14.5747
14.7916
14.361
14.6776
14.6896
14.3005
14.4388
14.7708
14.6947
14.3885
14.6824
14.8916
14.7169
14.8929
14.8056
14.7319
14.3639
14.8252
14.785
14.6212
14.6699
14.6086
14.7121
14.581
14.5913
14.8554
14.5317
14.9664
14.4412
14.6423
14.5486
14.6
14.7272
14.5351
14.5828
14.748
14.5822
14.9755
14.4331
14.5964
14.7582
14.8472
14.7952
14.5742
14.4943
14.7924
14.5926
14.4075
14.6864
14.6922
14.5177
14.6734
14.337
14.713
14.2701
14.658
14.6813
14.7632
14.6041
14.9469
14.8592
14.6311
14.5623
14.4899
14.7409
14.4539
14.9253
14.5958
14.5158
14.6401
14.5104
14.6126
14.5081
14.4543
14.8314
14.5861
14.833
14.7341
14.6797
14.6696
15.1084
14.5653
14.528
14.4263
14.9728
14.5557
14.5466
14.8971
14.7853
14.8116
14.8546
14.8834
14.6229
14.6474
14.7228
14.7278
14.7044
14.7537
14.4282
14.4662
14.8454
14.462
14.6409
14.4719
14.5515
14.6264
14.6093
14.7374
14.5885
14.922
14.7632
14.7646
14.6976
14.6491
14.5581
14.5971
14.3473
14.672
14.8877
14.7698
14.5538
14.4453
14.8554
14.3174
14.4125
14.5737
14.759
14.4842
14.5164
14.8504
14.5488
14.6541
14.7981
14.5782
14.6511
14.5763
14.7411
14.7096
14.8888
14.5562
14.6881
14.6481
14.5036
14.6489
14.5983
14.5446
14.8668
14.6105
14.9455
14.5406
14.7152
14.6683
14.766
14.7314
14.9301
15.0329
14.8304
14.4664
14.2664
14.8393
15.0218
14.606
14.8314
14.9051
14.3418
14.7428
14.7929
15.0206
14.9118
14.6403
14.5937
14.8867
14.5261
14.7209
14.5329
14.4788
14.6924
14.5607
14.6841
14.8705
14.7016
14.9654
14.5865
14.3701
14.5925
14.4714
14.5149
14.7963
14.7143
14.3728
14.5596
14.7995
14.7201
14.599
14.4345
14.9319
14.847
14.8851
14.7806
14.7818
14.6126
14.5818
14.6926
14.5296
14.6336
14.5314
14.5724
14.5085
14.6123
14.6406
14.5712
14.8127
14.6983
14.5507
14.5396
14.6272
14.7508
14.3257
14.7425
14.7962
14.5564
14.6846
14.6484
14.5184
14.8987
14.7456
14.6399
14.8336
14.5856
14.7291
14.5757
14.5655
14.2529
14.7526
14.4746
14.2454
14.654
14.5707
14.6887
14.5717
14.736
14.4902
14.6958
14.9486
14.5965
14.7138
14.4406
14.5081
14.7004
14.8174
14.7552
14.5797
14.7157
14.3338
14.7921
14.3474
14.4531
14.7444
14.5484
14.4233
14.8815
15.1286
14.8101
14.5757
14.1652
14.7548
14.8024
14.8912
14.7524
14.1738
14.5585
14.7451
14.7304
14.8753
14.6137
14.5889
14.5926
14.5544
14.8835
14.4781
14.3216
14.5223
14.9491
14.6784
14.7448
14.7718
14.4992
14.5645
14.9299
14.3063
14.6496
14.8077
14.6095
14.6482
14.8017
14.5639
14.8874
14.766
14.6174
14.9065
14.506
14.6174
14.683
14.7102
14.4685
14.4731
14.8101
14.4824
14.9647
14.6802
14.7613
14.9054
14.3737
14.5086
14.8297
14.728
14.5434
14.5743
14.4432
14.8691
14.3609
14.4077
14.7218
14.6087
14.5768
14.4499
14.6697
14.7995
14.5443
14.743
14.7881
14.596
14.8484
14.6293
14.7768
14.4838
14.5459
14.5296
14.8987
14.8582
14.9833
15.0017
14.7243
14.7977
14.5964
14.4189
15.0827
14.6126
14.6
14.5676
14.8073
14.6834
14.6564
14.6346
14.3646
14.8569
14.6908
14.7492
14.7619
14.8007
14.5363
14.6271
14.8558
14.622
14.6859
14.6736
14.3614
14.5355
14.5371
14.6192
14.8042
14.4726
14.4486
14.541
14.6368
14.647
14.5097
14.3265
14.6096
14.7436
14.723
14.633
14.8283
14.5315
14.5624
14.9405
14.531
14.6384
14.3771
14.602
14.8122
14.6648
14.6242
14.8096
14.6768
14.8697
14.5056
14.8314
14.5356
14.5967
14.383
14.5239
14.7841
14.668
14.7006
14.6425
14.7487
14.958
14.4151
14.3793
14.5768
14.6728
14.8002
14.8522
14.8093
14.8347
14.733
14.5074
14.5185
14.8034
14.6546
14.8895
14.4783
14.5402
14.1812
14.8487
14.5837
14.8663
14.5952
14.6404
14.5116
14.2967
14.79
14.8389
14.9134
14.7941
14.5427
14.5141
14.6417
14.815
14.5422
14.5775
14.8169
14.5823
14.4502
14.7826
14.6782
14.5796
14.8404
14.9646
14.5419
14.452
14.6526
14.1236
14.6026
14.872
14.483
14.6348
14.7436
14.4586
15.1285
14.45
14.6839
14.9218
14.5037
14.6974
14.4867
14.4406
14.6897
14.7193
14.4878
14.8472
14.5504
14.4728
14.6183
14.7553
14.6036
14.8162
14.6849
14.5887
14.8135
14.7284
14.5299
14.616
14.7262
14.5634
14.8342
14.9516
14.872
14.4268
14.5744
14.5436
14.6546
14.954
14.6786
14.8123
14.7092
14.8551
14.5177
14.7893
14.4362
14.2981
14.5891
14.6932
14.6181
14.7059
14.4352
14.4044
14.7585
14.8139
14.5952
14.4388
14.4939
14.6175
14.2821
14.459
14.5816
14.5865
14.9048
14.9488
14.8618
14.7667
14.7926
14.7425
14.6395
14.7289
14.59
14.5652
14.7668
14.4348
14.6806
14.6318
15.0451
14.7638
15.0039
14.7863
14.586
14.5226
14.6795
14.516
15.0174
14.5747
14.431
14.564
14.6957
14.7144
14.8527
14.6103
14.7132
14.7824
14.7652
14.898
14.6811
14.9958
14.737
14.6316
14.8408
14.6958
14.6518
14.6735
14.9175
14.8982
14.7618
14.5174
14.8651
14.5438
14.745
14.7283
14.6408
14.8124
14.7029
14.8744
14.6679
14.5159
14.4444
14.6622
15.0401
14.7046
14.6309
14.8886
14.7141
14.5835
15.1224
14.5482
14.8263
14.9146
14.5732
14.3965
14.4552
14.8157
14.8846
14.5814
14.6044
14.8054
14.5615
14.6936
14.6831
14.6353
14.8317
14.3582
14.5035
14.5561
14.7093
14.5304
14.5439
14.6143
14.6598
14.7661
15.0073
14.455
14.823
14.6823
14.6086
14.4156
14.6785
14.461
14.7808
14.8477
14.7683
14.4653
14.6822
14.6536
14.2718
14.8941
14.9695
14.6478
14.9235
14.8667
14.6768
14.6511
14.629
14.6754
14.4986
14.667
14.625
14.674
14.7098
14.5924
14.7052
14.4585
14.8574
14.9254
14.5133
14.8395
14.931
14.7298
14.7943
14.5433
14.7208
14.5168
14.5828
14.4985
15.0582
14.5819
14.9125
14.4126
14.8512
14.5213
14.7193
14.9544
14.4931
14.7442
14.7875
14.8919
14.6515
14.7448
14.6368
14.8264
14.5841
14.739
14.5895
14.532
14.6318
14.9252
14.5364
14.7171
14.3896
14.5791
14.7988
14.911
14.8184
14.4432
14.9089
14.5373
14.6116
14.3329
14.5997
14.6807
14.7696
14.8105
14.7583
14.7847
14.6123
14.5789
14.6815
14.4447
14.4587
14.414
14.6443
14.8252
14.6326
14.6853
15.0993
14.7586
14.8006
14.5375
14.6281
14.7714
14.7353
14.6056
14.7586
14.8407
14.469
14.7633
14.5173
14.625
14.5453
14.8221
14.6738
14.7743
14.6084
14.472
14.769
14.8506
14.8117
14.4835
14.7935
14.9917
14.6168
14.6142
14.614
14.8619
14.6938
14.5999
14.5184
14.6583
14.754
14.819
14.907
14.6605
14.9191
14.5127
14.3635
14.3371
14.7219
14.6137
14.4983
14.5658
14.6948
14.7044
14.6284
14.8535
14.7472
14.5807
14.5401
15.0918
14.6465
14.8582
14.832
14.7134
14.6852
14.7177
14.4521
14.5708
14.7089
14.9027
14.6497
15.0153
14.8029
14.4498
14.3706
14.488
14.723
14.3477
14.8403
14.7905
14.7394
14.7818
14.6229
14.6693
14.8122
14.6898
14.9082
14.6414
14.8245
14.7487
14.772
14.6707
14.6549
14.8968
15.2388
14.8331
14.6608
14.5218
14.8556
14.7378
14.615
14.7709
14.5109
14.7457
14.5633
14.6145
14.7018
14.697
14.4592
14.5975
14.5966
14.7529
14.899
14.8669
14.537
14.7138
14.576
14.4758
14.6407
14.6592
14.6264
14.6283
14.7338
14.657
14.5234
14.8258
14.8277
14.4247
14.5396
14.612
14.5338
14.6942
14.8094
14.5256
14.7622
14.6043
14.6984
14.9344
14.8274
14.4847
14.7548
14.6909
14.613
14.6984
14.6514
14.5754
14.5104
14.4693
14.7709
14.2542
14.8763
14.6306
14.4913
14.8239
14.5961
14.646
14.4157
14.8481
14.674
14.632
14.5962
14.4878
14.8475
14.6895
14.4427
14.7702
15.1027
14.2807
14.5734
14.76
14.2658
14.6491
14.5665
14.5369
14.4459
14.5342
14.5382
14.4907
14.4873
14.4789
15.0413
14.2381
14.516
14.7624
14.9527
14.6457
14.8322
14.6134
14.6223
14.561
14.6329
14.6089
14.7218
14.5368
14.7605
14.6074
14.7594
14.3996
15.0083
14.6571
14.4062
14.7479
14.8677
14.5836
15.0118
14.6344
14.6837
14.5979
14.7142
14.5665
14.9084
14.6083
14.8798
14.6555
14.7915
14.667
14.5579
14.8319
14.7053
15.0148
14.5886
15.0772
14.7303
14.6496
14.5214
14.6155
14.9184
14.7136
14.9218
14.6141
14.5724
14.5985
14.7222
14.7399
14.6142
14.6227
14.6938
14.7413
14.9556
14.8284
14.7545
14.4757
14.8567
14.8325
14.6448
15.1025
14.7916
14.8273
14.8747
14.7911
14.675
14.4463
14.6648
14.515
14.269
14.645
14.4368
14.7958
14.9373
14.448
15.1793
14.5734
14.6105
14.7848
14.3839
14.6136
14.5583
14.5784
14.9874
14.5266
14.2184
14.4217
14.6948
14.5346
14.7034
14.7367
14.7009
14.8121
14.4626
14.7442
14.7276
14.7948
14.7248
14.6972
14.417
14.827
14.2435
14.4984
14.7871
14.9026
14.5926
14.8033
15.0237
14.8485
14.6274
14.696
15.1706
14.7547
14.7362
14.9906
15.0735
14.7423
14.6954
14.7997
14.6177
14.7844
14.5941
14.7146
14.7001
14.5134
14.4757
14.6252
14.6618
14.5552
14.5469
14.9273
14.6406
14.8811
14.7631
14.7611
14.4527
14.7682
14.2459
15.0555
14.4044
14.4665
14.6331
14.7848
14.8279
14.9162
14.4404
14.8007
14.9028
14.7624
14.9112
14.743
14.3406
14.5992
14.6208
14.6593
14.6044
14.7338
14.87
14.63
14.4258
14.7444
14.1348
14.3996
14.5017
14.7163
14.7861
14.5795
14.5109
14.7536
14.6746
14.538
14.6397
14.7028
14.8689
14.5988
14.6109
15.152
14.72
14.781
14.3076
14.6588
14.8163
14.6241
14.1078
14.6396
14.6157
14.3883
14.5136
14.7577
14.491
14.9375
14.4294
14.7411
14.82
14.6461
14.7904
14.6461
14.6644
14.7003
14.4795
14.5439
14.7403
14.572
14.5664
14.7718
14.4835
14.6926
14.8198
14.7818
14.3619
14.6971
14.5757
14.8607
14.7987
14.6683
14.6251
15.0734
14.638
14.4765
14.5711
14.458
14.8493
14.6247
14.2891
14.4785
14.7467
14.4996
14.7926
14.7896
14.3739
14.503
14.7706
15.0635
14.5288
14.6386
14.7001
14.8029
14.4524
14.6153
14.3094
14.5414
14.4916
14.9364
14.9646
14.7462
14.597
14.5168
14.4145
14.4721
14.5058
14.5927
14.9279
14.5117
14.6243
14.6067
14.8161
14.7368
14.4847
14.9175
14.6212
14.5875
14.7158
14.5952
14.9748
14.807
14.772
14.3468
14.8004
14.4391
14.7402
14.4336
14.5419
14.5335
14.7067
15.1817
14.972
14.6777
15.1667
14.7885
14.6239
14.9863
14.6362
14.5537
14.6838
14.609
14.6633
14.6409
14.6354
14.6475
14.5436
14.9848
14.5451
14.4816
14.8178
14.5319
14.9761
14.4888
14.8147
14.7362
15.0136
14.6837
14.9077
14.4971
14.4516
14.6147
14.8858
14.7008
14.7993
14.7749
14.6594
14.8363
14.8918
14.5285
14.4965
14.6681
14.4676
14.8328
14.6937
14.9098
14.4437
14.3552
14.508
14.5698
14.3056
14.3574
14.5796
14.3548
14.4168
14.566
14.5275
14.6506
14.6369
14.8551
14.6298
15.0312
14.5793
14.4863
14.5762
14.642
14.7859
14.6166
14.4622
14.6998
14.8297
14.5575
14.5731
14.6074
14.3392
14.6132
14.6909
14.6704
14.6966
14.6097
14.6999
14.7335
14.6361
15.05
14.4575
14.635
14.6709
14.46
14.5984
14.5141
14.5871
14.9335
14.5095
14.7001
14.4068
14.5844
14.6868
14.572
14.4909
14.7454
14.5395
14.6177
14.9688
14.7152
14.8801
15.0048
14.6419
14.5572
14.3785
14.7443
14.8684
14.48
14.7415
14.4634
14.5069
14.7154
14.7363
14.6956
14.5059
14.5731
14.9213
14.6755
14.424
14.7205
14.401
14.4326
14.7795
14.8176
14.8556
15.0599
14.643
14.7069
14.7972
14.5966
14.6868
14.7018
14.6647
14.734
14.5568
14.8941
14.2288
14.7994
14.5394
14.6779
14.6902
14.5313
14.7416
14.5664
14.4787
14.4029
14.566
14.4416
14.6577
14.7359
14.3907
14.7565
14.5273
14.8067
14.9699
14.6893
14.5417
14.7459
14.5979
14.73
14.785
14.2241
14.6843
14.6152
14.4454
14.6679
14.7444
14.6079
14.9443
14.6746
14.3641
14.602
14.4998
14.8585
14.5677
14.5262
14.6934
14.5866
14.5756
14.9453
14.867
14.5897
14.5901
14.3874
14.8353
14.7925
14.8634
14.5971
14.4607
14.5911
14.5752
14.8515
14.8394
14.5004
14.8658
14.6115
14.6843
14.7299
14.7526
14.6338
14.6322
14.8075
14.8416
14.81
14.7259
14.6933
14.7827
14.8886
14.5133
14.301
14.6652
14.5527
14.7128
14.6713
14.4119
14.5103
14.8432
14.8403
14.7369
14.6246
14.7504
14.8894
14.6631
14.4574
14.674
14.4841
14.6209
14.5481
14.6978
14.8709
14.6182
14.7361
14.9545
14.412
14.5706
15.0368
14.8472
14.8103
14.7997
14.971
14.3468
14.4868
14.7851
14.7754
14.4006
14.9975
14.8586
14.4411
14.8751
14.785
14.4555
14.6777
14.4389
14.6125
14.9464
14.7207
14.8494
14.7169
14.5626
14.7118
14.8886
14.8256
14.7903
14.8799
14.677
14.7458
14.8861
14.668
14.8912
14.7519
14.5357
14.6155
14.4207
14.6162
14.5169
14.7364
14.7331
14.6644
14.5132
14.6485
14.8711
14.5287
14.7261
14.7506
14.3325
14.8159
14.3912
14.493
14.8667
14.6076
14.5672
14.8554
14.7986
14.7451
14.8412
14.592
14.5122
14.3906
14.5092
14.6392
14.6808
14.4588
14.6902
14.4652
14.6139
14.7224
14.5504
14.7323
14.7292
14.8833
14.8737
14.5651
14.4761
15.0008
14.374
14.8298
14.9024
14.9267
14.6844
15.044
14.6942
14.6176
14.8716
14.6836
14.792
14.6087
14.8351
14.8524
14.6515
14.4083
14.7283
14.6358
14.3834
14.7674
14.5192
14.6394
14.6469
14.7165
14.3508
14.352
15.0135
14.7489
14.7868
14.5345
14.5527
14.9515
15.0659
14.5423
14.5021
14.9649
14.4186
14.6568
14.6917
14.6541
14.8601
14.8065
14.5899
14.9047
14.9076
15.1096
14.9085
14.8531
14.7707
14.8084
14.5627
14.7885
14.6887
14.5996
14.8217
15.0656
14.4262
14.6979
14.6946
14.5702
14.388
14.6437
14.4576
14.4332
14.719
14.7743
14.5634
14.4241
14.4717
14.7193
14.8144
14.6839
14.7176
14.7256
15.1899
14.7697
14.6609
14.5897
14.577
14.6139
14.3783
14.7648
14.5641
14.3502
14.7858
14.832
14.9743
14.4845
14.7568
14.6665
14.9008
14.4648
14.7604
14.6224
14.3501
14.5523
14.4342
14.6297
14.6237
15.0302
14.5416
14.3936
14.3399
14.7331
14.6867
14.6224
14.6294
14.7895
14.9129
14.5753
14.395
14.742
14.6843
14.7345
14.7519
14.9211
15.0004
14.6761
14.6258
14.3262
14.689
14.6147
14.8658
14.9378
14.8857
14.6998
14.7318
14.6716
14.6996
15.1534
14.7135
14.6357
14.5936
14.5929
14.7893
14.7716
14.3914
14.794
14.8863
14.5121
14.9306
14.6717
14.6374
14.736
14.4267
14.6206
14.8218
14.7863
14.9518
14.8017
14.7117
14.5504
14.1192
14.5579
14.6761
14.4091
14.9304
14.6787
14.7996
15.0587
14.6449
14.4785
14.9653
14.5615
14.4301
14.3698
14.7391
14.6283
14.5029
14.8216
14.9608
15.1258
14.6974
14.6959
14.5775
14.352
14.5197
14.6972
14.5501
14.6036
14.8747
14.5689
14.6301
14.8132
14.4726
14.7901
14.7725
14.9011
14.6548
14.3349
14.8893
14.8052
14.7983
14.767
14.7516
14.8093
14.6456
14.5613
14.9872
14.5929
14.7076
14.4842
14.9516
14.7859
14.6306
14.8782
14.9644
14.7236
14.8287
14.8071
14.4874
14.5962
14.5551
14.7842
14.6342
14.675
14.7022
14.7321
14.5007
14.6015
14.7794
14.5742
14.4614
14.4994
14.4674
15.0602
14.7679
14.6448
14.4458
14.6656
14.652
14.6662
14.7055
14.6891
14.7316
14.6798
14.8734
14.4118
14.5681
14.6763
14.5038
14.7887
14.6924
14.8011
14.7375
14.8893
14.6022
14.8464
14.6465
14.5261
14.4883
14.8249
14.7203
14.5137
14.8709
14.8418
14.8163
14.6038
14.676
14.7779
14.5731
14.9445
14.5768
14.5432
14.3724
14.7843
14.7023
14.901
14.8207
14.6953
15.007
14.7786
14.7417
15.0327
14.6271
14.8814
14.5815
14.7843
14.7426
14.6874
14.892
14.8466
14.7662
14.6289
14.3005
14.5269
14.7006
14.9591
14.5924
14.8041
14.9296
14.5113
14.5122
14.815
14.7008
14.4344
14.8831
14.4442
14.5933
14.858
14.7012
14.4191
14.8374
14.6667
14.5545
14.9223
14.8077
14.7432
14.8883
14.5286
14.4941
14.9179
14.7154
14.6923
14.6217
14.5748
14.7446
14.4754
14.6788
14.6796
14.7901
14.5656
14.8625
14.8782
14.5913
14.5802
14.7244
14.7216
14.6599
14.7257
14.859
14.6143
14.3163
14.4834
14.6094
14.8577
14.4967
14.7937
14.718
14.8303
14.8021
14.6094
14.8744
14.7603
14.5117
14.4311
14.8718
14.4951
14.3489
14.7208
14.6592
14.8418
14.922
14.6204
14.7216
14.7677
14.1783
14.3591
14.6953
14.727
14.7201
14.6593
14.6468
14.6019
14.2955
14.5287
14.5179
14.7287
14.6741
14.6273
14.9881
14.4808
14.6986
14.689
14.8668
14.7302
14.3155
14.6163
14.733
14.4355
14.5673
14.5034
14.6041
14.6156
14.8494
14.7589
14.4563
14.5889
14.5575
14.7637
14.7307
14.3623
14.8593
14.7425
14.6901
14.8857
14.785
14.6827
14.6025
14.8122
14.591
14.6391
14.8543
14.9275
14.6682
14.6366
14.8735
14.6905
14.4776
14.9192
14.6443
14.6023
14.6788
14.7638
14.9403
14.8029
14.6621
14.5378
14.6419
14.7229
14.8183
14.7146
14.49
14.6632
14.7378
14.828
14.5653
14.7244
14.6822
14.5847
14.3767
14.765
14.853
14.4806
14.4472
14.6005
14.4522
14.588
14.8467
14.3138
14.7263
14.796
14.6569
14.8578
14.2019
14.6525
14.972
14.264
14.5035
14.7049
14.5766
14.7556
14.4034
14.8699
14.6234
14.6225
14.4921
14.5224
14.8823
14.8893
14.4377
14.455
14.8922
14.4392
14.9166
14.7757
14.6064
14.9282
14.7877
14.833
14.5547
14.8239
14.76
14.6406
14.8433
14.5683
14.5081
14.5098
14.4418
14.4959
14.5349
14.7154
14.8277
14.6744
14.5969
14.8086
14.5392
14.7982
14.9182
14.3026
14.6218
14.7848
14.9702
14.5763
14.9016
14.6983
14.8213
14.6429
14.8162
14.7078
14.4025
14.6002
14.6847
14.897
14.5621
14.5021
14.5524
14.4572
14.5291
14.8428
14.5778
14.4382
14.8227
14.5344
14.7799
14.637
14.8139
14.8031
14.7381
14.5969
14.8779
14.651
14.537
14.5655
14.9519
15.0972
14.5596
14.4712
14.5033
14.8324
14.79
14.6616
14.4956
14.2142
14.6787
14.6564
14.5326
14.6746
14.615
14.5907
14.5626
14.8002
14.9367
14.6212
14.7105
14.9767
14.1702
14.4721
14.3742
14.5141
14.4137
14.5227
14.5624
14.5063
14.5032
14.4501
14.7425
14.8067
14.6737
14.5976
14.4754
14.2721
14.7536
14.617
14.6423
14.7595
14.9192
14.5939
14.6936
14.8108
14.449
14.8022
14.3931
14.5352
14.558
14.7769
14.8171
14.5319
14.6387
14.4426
14.7484
14.859
14.7011
14.6237
15.0397
14.4602
14.7328
14.559
14.7667
14.6775
14.8738
14.4335
14.9647
14.8787
14.7245
14.8802
14.7775
14.8288
14.468
14.6244
14.6686
14.6196
14.6452
14.7329
14.415
14.3716
14.6566
14.4831
14.5
14.8964
14.5428
14.6379
14.8709
14.5394
14.6557
14.655
14.6427
14.4058
14.7237
14.463
14.6568
14.862
14.9355
14.7529
14.5107
14.637
14.5875
14.5261
14.5389
14.6714
14.6601
14.7783
14.7921
14.8622
14.4944
14.9177
14.8439
14.8159
14.6345
14.6752
14.5083
14.6462
14.7188
14.7026
14.7343
14.7943
14.84
14.6566
14.4277
14.7849
14.7328
14.7464
14.7169
14.2197
14.7707
14.8733
14.5454
14.8828
14.4075
14.7687
14.4551
14.7213
14.6473
14.754
14.7607
14.6094
14.882
14.5783
14.5228
14.7345
14.5356
14.7965
14.5566
14.6724
14.675
14.6463
14.5883
14.6189
14.7958
14.7972
14.8726
14.6835
14.5591
14.3789
14.8109
14.5889
14.816
14.4653
14.6149
14.8682
14.9064
14.5536
14.4988
14.6176
14.7179
14.6195
14.7808
14.4446
14.7949
14.4416
14.6912
14.6465
14.4645
14.7916
14.6198
14.6389
15.1571
14.7122
14.7987
14.7998
14.7163
14.4835
14.881
14.5875
14.6554
14.6439
14.6119
14.6278
14.3724
14.5909
14.8445
14.4824
14.4824
14.8128
14.5125
14.7472
14.5672
14.5661
14.5007
14.9647
14.4965
14.6637
14.7179
14.7505
14.8474
14.7336
14.6473
14.8711
14.8344
14.7685
14.5338
14.7255
14.793
14.7608
14.6146
14.7318
14.57
14.6824
14.9229
14.6044
15.0173
14.4552
14.5439
14.7723
14.7569
14.4879
14.4559
14.9372
14.5023
14.4234
14.8051
14.4167
14.45
14.6626
14.6038
14.4166
14.7421
14.7038
14.7924
14.834
14.5813
14.6664
14.8104
14.6408
14.3976
14.6079
14.6381
14.7648
14.7426
14.7641
14.8404
14.5623
14.5668
14.7024
14.4809
14.8088
14.6012
14.7867
14.23
14.773
14.8632
14.7468
14.6346
14.4838
14.5504
14.5386
14.7569
14.7822
14.7192
14.7904
14.7618
14.5371
14.8822
14.5075
15.0029
14.5328
14.6219
14.6938
14.5309
14.5748
14.4338
14.8379
14.3406
14.9894
14.5948
14.5098
14.7447
14.5687
14.5013
14.9106
14.9091
14.8206
14.7648
14.5226
14.5199
14.6091
14.7056
14.5825
14.7979
14.6491
14.4844
14.9878
14.6204
14.6569
14.8103
14.5986
14.6157
14.7102
14.8202
14.7419
14.5321
14.4949
14.6788
14.6248
14.9792
14.635
14.6535
14.4486
14.6272
14.6388
14.5639
14.7744
14.38
14.6847
14.7262
14.6658
14.7923
14.7769
14.258
14.4879
14.5662
14.8538
14.6106
14.836
14.6257
14.6481
14.5596
14.9087
14.6847
14.5791
14.5898
14.7398
14.4855
15.0926
14.5508
14.5359
14.7338
14.676
14.7372
14.6439
14.5237
14.5281
15.0522
14.8298
14.7576
14.5207
14.7639
14.2876
14.8805
14.979
14.9672
14.5426
14.6094
14.6229
14.3197
14.7092
14.6267
15.0499
14.7738
14.5996
14.5796
14.9064
14.782
14.4653
14.6395
14.4295
14.7099
14.7776
14.5716
14.6582
14.7088
14.5446
14.9907
14.4453
14.7198
14.3945
14.5438
14.7073
14.7841
14.778
14.5538
14.797
14.6437
14.6759
14.4152
14.693
14.3455
14.6226
14.8856
14.951
14.8306
14.7936
14.9747
14.879
14.4921
14.7192
14.8544
14.6229
15.028
14.3516
14.8207
14.7583
14.6279
14.5436
14.7281
14.4794
14.7014
14.8753
14.5039
14.8573
14.805
14.8079
14.378
14.6331
14.7158
14.6817
14.7643
14.7096
14.5584
14.7889
14.7612
14.7746
14.7131
14.523
14.994
14.8946
14.4048
14.6129
14.6964
14.2376
15.0618
14.5093
14.5789
14.5162
14.9714
14.8706
14.4627
14.6885
14.4281
14.8346
14.7297
14.7103
14.7436
14.5093
14.5675
14.8261
14.62
14.6905
14.4664
14.6331
14.5529
14.6043
14.7596
14.6347
14.7602
14.6811
14.7057
14.8125
14.4204
14.5873
14.9316
14.6923
14.7168
14.7752
14.7115
14.8438
14.5616
14.6569
15.028
14.6684
14.9519
14.8342
14.8913
14.7754
14.1734
14.5996
14.2674
14.7552
14.3512
14.7717
14.5925
14.627
14.8928
14.6808
14.6719
15.0006
14.2686
14.5852
14.2337
14.6855
14.6543
14.3764
14.3635
14.7071
14.4534
14.3948
14.6262
14.6062
14.3355
14.7716
14.5827
14.485
14.6301
14.6649
14.8238
14.5455
14.5305
14.9621
14.5081
14.1932
14.5928
14.5682
14.602
14.8048
14.5119
14.5319
14.5157
14.801
14.6136
14.8572
14.682
14.5307
14.6187
14.5345
14.4403
14.702
14.5639
14.9845
14.9793
14.3056
14.9514
14.5959
14.664
14.7011
14.5275
14.227
14.6753
14.6739
14.6604
14.4635
14.5749
14.6216
14.5336
14.6793
14.5163
14.6008
14.2868
14.5389
14.3711
14.5272
14.6523
14.723
14.411
14.5872
14.9958
14.636
14.5579
14.7301
14.6757
14.7489
14.8836
14.8065
14.7819
14.8415
14.4248
14.3415
14.5885
14.5391
14.909
14.5152
14.605
14.5447
14.5612
14.8446
14.6963
14.8186
14.7117
14.5909
14.6383
14.7676
14.4874
14.6502
14.4201
14.8302
14.6596
14.6985
14.8727
14.674
14.6983
14.7805
14.7871
14.845
14.6198
14.8463
14.8034
14.6682
14.649
14.46
14.8673
14.5916
14.6423
14.7581
14.9331
14.9155
14.666
14.6077
14.9773
14.76
14.2851
14.678
14.6089
14.7526
14.7858
14.5948
14.5931
14.6501
14.6616
14.6835
14.7054
14.6381
14.6173
14.2269
14.3653
14.4406
14.5928
15.103
14.6051
14.8794
14.7328
14.7884
14.4269
14.7206
14.5863
14.7199
14.8013
14.55
14.6063
14.5385
14.7571
14.8603
14.4619
14.7514
14.5483
14.7567
14.5833
14.3708
14.7914
14.9552
14.6648
14.5996
14.6364
14.6248
14.738
14.5035
14.5473
14.8648
14.6954
14.9152
14.6072
14.4457
14.678
14.7758
14.5533
14.5024
14.5348
14.945
14.7219
14.5615
15.1193
14.5166
14.8751
14.6189
14.7364
14.6957
14.582
14.9054
14.6012
14.5509
14.6076
14.373
14.5581
14.7006
14.6316
14.8083
14.511
14.7948
14.6591
14.7491
14.8995
14.7715
14.4623
14.7544
14.4759
14.5717
14.7653
14.7866
15.0592
14.5683
14.8663
14.7535
14.6558
14.7625
14.604
14.8464
14.6608
14.6242
14.3438
14.8669
14.4436
14.5082
14.9094
14.7067
14.4045
14.6691
14.8101
14.5289
14.7612
14.7925
14.4239
14.53
14.5934
14.7062
14.5105
14.7322
14.6466
14.5886
14.392
14.7339
14.2961
14.784
14.6056
14.8501
14.5231
14.7082
14.7946
15.0284
14.8906
14.542
14.7163
14.7483
14.6738
14.9903
14.3385
14.2744
14.7705
14.6093
14.8481
14.8591
14.5419
14.7153
14.4582
14.758
14.6992
14.6102
14.4464
15.0574
14.0951
14.5268
14.6827
14.5895
14.6125
14.5224
14.9867
14.4612
14.7921
14.5425
14.5201
14.5462
14.5267
15.1206
14.486
14.7152
14.6778
14.2154
14.8166
14.5395
14.8117
14.6831
14.613
14.9162
14.6093
14.5604
14.9836
14.4415
14.7151
14.4243
14.6546
14.7723
14.6712
14.7016
14.5192
14.6102
14.5685
14.834
14.3276
14.8458
14.5589
14.7517
14.5944
14.4652
14.4703
14.4298
14.6538
14.7119
14.6256
14.5299
15.071
14.5329
14.7475
14.6183
14.9282
14.8274
14.6488
14.4364
14.4288
14.8211
14.5906
14.5987
14.925
14.4453
14.4285
14.5783
14.8673
14.7036
14.908
14.5613
14.7776
14.7579
14.4423
14.5006
14.8111
14.5446
15.0205
14.8434
14.5148
14.6528
14.7542
14.4724
14.4621
14.8038
14.5373
14.8239
14.7277
14.3842
14.7174
14.7956
14.5317
14.5162
14.652
14.5898
14.8519
14.8308
14.8458
14.7481
14.5681
14.83
14.7486
14.6669
14.7232
14.7049
14.4966
14.8947
14.4194
14.6729
14.983
15.0494
14.6585
14.7531
14.4769
14.6592
14.4961
14.4922
14.6544
14.6584
14.5589
14.6368
14.3366
14.318
14.9111
14.6194
14.6239
14.5547
14.7106
14.6394
14.6237
14.2865
14.5127
14.4279
14.4303
14.8006
14.4451
14.6148
14.7824
14.6784
14.4304
14.6347
14.6824
14.6028
14.655
14.5787
14.4877
14.8277
14.7208
14.9154
14.7209
14.7271
14.7336
14.7002
14.5449
14.8555
14.8391
14.5128
14.4744
14.5422
14.753
14.8275
14.4634
14.5062
14.4837
14.7962
14.7235
14.8288
14.6697
14.8804
14.8494
15.0795
14.5984
14.8176
14.7894
14.872
14.4426
14.6305
14.8444
15.0248
14.6348
14.5267
14.5493
14.9523
14.8047
14.7931
14.9281
14.6937
14.5072
14.8709
14.6543
14.5893
15.2079
14.8723
14.5087
14.6976
14.5958
14.8159
14.6164
14.5951
15.056
14.5168
14.4842
14.9263
14.7409
14.829
14.5309
14.7487
14.4934
14.6738
14.4739
14.7115
14.3862
14.8896
14.6349
14.6558
14.8165
14.793
14.9113
14.8369
14.9722
14.8505
14.9545
14.5931
14.7133
14.2833
14.9991
14.5231
14.8856
14.9611
14.4966
14.9555
14.8969
14.7691
14.9505
14.8333
14.8215
14.5538
14.8558
14.7465
14.7888
14.6454
14.7083
14.4516
14.6083
14.6127
14.6096
14.4835
14.6541
14.5746
14.5455
14.563
14.7097
14.4268
14.6421
14.7413
14.5857
14.7849
14.4995
15.1388
14.7667
14.77
14.9184
14.6912
14.6353
14.374
14.7508
14.8508
14.5177
14.5591
14.5628
14.5746
15.0102
14.4867
14.8696
14.599
14.819
14.6927
14.6658
14.8183
14.7313
14.62
14.5071
15.0748
14.7355
14.3605
14.5674
14.4093
14.8122
14.5102
14.7937
14.7581
14.6367
14.8425
14.5359
15.3431
14.8007
14.7011
14.5398
14.4571
14.7088
14.6417
14.64
14.8335
14.6251
14.6855
14.4604
14.2895
14.5697
14.7555
14.5067
14.5104
14.3216
14.6914
14.9355
14.8645
14.6936
14.722
14.5908
14.7918
14.4565
14.7481
14.6656
14.6039
14.5747
14.5982
14.4222
14.6359
14.4156
14.4362
15.0043
14.42
15.087
14.8227
14.8487
14.9667
14.1865
14.508
14.2508
14.539
14.6428
14.3727
14.907
14.6829
14.6942
14.7052
14.4436
14.4063
14.7031
14.7119
14.8729
14.7868
14.6429
14.5806
14.5644
14.7897
14.5771
14.9448
14.6112
14.5856
14.8332
14.718
14.2915
14.7537
14.8716
14.5894
14.6291
14.5916
14.3339
14.8438
14.7465
14.6159
14.6494
15.0091
14.3395
14.7851
14.5891
14.872
14.6089
14.7347
14.8152
14.6701
14.3818
14.9102
14.7108
14.7502
14.7618
14.3163
14.5489
14.4801
14.648
14.9624
14.4828
14.6969
14.3913
14.8014
14.6131
14.7558
14.8261
14.7728
14.4136
14.6258
14.843
14.5532
14.6593
14.7131
14.9168
14.7148
14.5466
14.5906
14.734
14.6323
14.8247
14.5378
14.744
14.6207
14.3279
14.9692
14.462
14.5909
14.8543
14.7077
14.5909
14.9447
14.7968
14.572
14.7107
14.8058
14.6459
14.7146
14.6877
14.4727
14.8299
14.6747
14.5788
14.6832
14.7027
14.7863
14.5749
14.7744
14.5415
14.6417
14.4484
14.6335
14.6495
14.8406
14.7906
14.285
14.8156
14.611
14.6493
14.6
14.6497
14.4401
14.6531
14.7002
14.5666
14.7291
14.9197
14.7277
14.4346
14.7767
14.7917
14.4148
14.7893
14.5007
14.4321
14.5405
14.8608
14.6741
14.6616
14.9326
14.7377
14.5659
14.5741
14.4027
14.4875
14.5959
14.4206
14.7899
14.764
14.395
14.7002
14.8659
14.437
14.7791
14.4453
14.9097
14.681
14.8553
14.366
14.7602
14.6963
14.6964
14.494
14.7116
14.8385
14.7788
14.6122
14.4055
14.8516
14.712
14.9418
14.7789
14.6262
14.7258
14.8102
14.6975
14.668
14.8265
14.7557
14.759
14.483
14.5243
14.638
14.8864
14.3331
14.3166
14.4216
14.745
14.4318
14.4642
14.811
14.7407
14.7855
14.7558
14.8077
14.505
14.5217
14.5257
14.9402
14.6527
14.5693
14.5624
15.0684
14.3798
14.4695
14.5488
15.0425
14.3716
14.9439
14.663
14.9056
14.7525
14.8002
14.6821
14.6883
14.6107
14.6468
14.8064
14.5943
14.899
14.4905
14.8874
14.698
14.9378
14.4248
14.6952
14.5926
14.7408
14.4315
14.7973
14.7799
14.5858
14.4116
14.7143
14.6262
14.3302
14.8996
14.6429
14.7764
14.7344
14.3228
14.9338
14.6049
14.5965
14.472
14.873
14.6998
14.6585
14.5675
14.4213
14.5855
14.5524
14.9682
14.5373
14.4598
14.3825
14.5115
14.5079
14.5835
15.0324
14.5398
14.6441
14.7539
14.9705
14.7726
14.767
14.533
14.4862
14.473
14.8826
14.6815
14.768
14.7324
14.5612
14.8685
14.476
14.5127
14.2919
14.8701
14.7592
14.9975
14.6638
14.8482
15.0117
14.2672
14.6295
14.6834
14.6125
14.7596
14.2462
14.5454
14.6252
14.544
14.7202
14.7459
14.6873
14.7587
14.7605
14.8476
14.8349
14.7493
14.6422
14.5678
14.42
14.8236
14.7908
14.4518
14.6496
14.9768
14.5536
14.645
15.0183
14.5603
14.79
14.8013
15.1281
14.7696
14.6428
14.5541
14.7648
14.5984
14.6439
14.3597
14.6436
14.6738
14.6359
14.533
14.7317
14.572
14.8738
14.464
14.4955
14.8538
14.7966
14.8383
14.3573
14.6064
14.4983
14.6489
14.4619
14.4038
14.6641
14.4807
14.3934
14.6263
14.914
14.5077
14.4336
14.4729
14.7172
14.6239
14.4626
14.6217
14.7771
14.7516
14.8098
15.0883
14.6419
14.8445
14.7307
14.7013
14.5769
14.8681
14.6724
14.5331
14.7431
14.6463
14.8177
14.9621
14.6899
14.3054
14.5716
14.8488
14.6601
14.7363
14.7182
14.8991
15.0682
14.7304
14.9231
14.4658
14.6496
14.7839
14.6734
14.5781
14.7529
14.7818
14.4567
14.6671
14.5417
14.3699
14.8768
14.8703
14.7969
14.7571
14.8563
14.9242
14.4396
14.9281
14.5516
14.5992
14.6128
14.396
14.8872
14.734
14.7026
14.3975
14.5064
14.7052
14.6997
14.6231
14.5903
14.2358
14.5926
14.8352
14.9843
14.6397
14.7813
14.7719
14.8192
14.7322
15.1097
15.1825
14.6889
14.4425
14.586
14.6536
15.0002
14.6822
14.8595
14.7295
14.2768
14.4402
14.6995
14.9828
14.6376
14.6771
14.5515
14.7877
14.8707
14.7711
14.6331
14.9097
14.6509
14.6234
14.6105
14.9479
14.58
14.6914
15.0371
14.8426
14.5542
14.4943
14.6715
14.9623
14.4872
14.5805
14.4365
14.4497
14.6896
14.8145
14.577
14.8425
14.5909
14.5136
14.5041
14.7652
14.8518
14.7379
14.7892
14.725
14.763
14.706
14.7372
14.5369
14.753
14.8936
14.6848
14.9927
14.608
14.6033
14.6339
14.8353
14.5156
14.7801
14.5884
14.3957
14.779
14.4993
14.7599
14.5104
14.84
14.3864
14.8465
14.8728
14.8108
14.8154
14.736
14.5214
14.6655
14.7457
14.6617
14.5374
14.6979
14.7812
14.6935
14.8046
14.6588
14.8707
14.6694
14.7697
14.5983
14.8646
14.3904
14.8867
14.6755
14.8521
14.3162
15.2117
14.6194
14.7516
14.5619
14.8906
14.6756
14.7061
14.5534
14.9746
14.6266
14.7752
14.6254
14.729
14.6383
14.7447
14.5774
14.5256
14.7824
14.424
14.464
14.8091
14.7604
14.9469
14.9009
14.6334
14.4082
14.6
14.522
14.2243
14.7246
14.6726
14.469
14.5151
14.6895
14.4081
14.7789
14.4571
14.5303
14.7491
14.5224
14.3712
14.5958
14.7814
14.5924
14.6915
14.6012
14.7957
14.5772
14.4063
14.6015
14.8687
14.7016
14.482
14.6136
14.5288
14.4041
14.9586
14.8096
14.6421
14.8743
14.692
14.9521
14.5184
14.6063
14.7777
14.6173
14.7547
14.8536
14.7095
14.6756
14.838
14.8939
14.698
14.8645
14.6943
14.6216
14.9163
14.7301
14.7711
14.5445
14.7765
14.4704
14.7324
14.9211
14.5403
14.7005
14.6496
14.4477
14.7051
14.4776
14.5252
14.7171
14.4919
14.2846
14.6863
14.6149
14.507
14.9758
14.7891
14.7481
14.7313
14.5812
14.9822
14.8921
14.9272
14.5348
14.4957
14.7859
14.901
14.5663
14.874
14.6801
14.6018
14.6012
14.6515
14.876
14.8055
14.7777
14.6866
14.8162
14.6492
14.7727
14.7761
14.7218
14.2301
14.8644
14.6085
14.6959
14.5816
14.7232
14.8674
14.6364
15.0657
14.7494
14.6941
14.9004
14.6977
14.3929
14.4586
14.4266
14.752
14.6252
14.6261
14.7224
14.6666
14.4315
14.6162
14.5012
14.4975
14.7505
14.595
15.2646
14.7605
14.5667
14.5858
14.7017
14.8885
14.7426
14.6731
14.7798
14.7753
14.403
14.9646
14.6409
14.7313
14.8102
14.4216
14.8109
14.3835
14.9807
14.6609
14.9849
14.8095
14.4031
14.6122
14.6457
14.5294
14.7521
14.6622
14.9854
14.7484
14.5978
15.0348
14.7741
14.5167
14.6796
14.552
14.4432
14.9371
14.9149
14.6794
14.7586
14.8818
14.7239
14.7596
14.5004
14.6975
14.5484
14.8661
14.3642
14.4591
14.7475
14.7701
14.7675
14.7965
14.5928
14.8983
14.635
14.7432
14.6798
14.833
14.449
14.7056
14.4081
14.9077
14.4482
14.7423
15.1747
14.7495
14.5471
14.5511
14.697
14.7748
14.6539
14.6341
14.6841
14.6132
14.7726
14.9358
14.4736
14.7683
14.7061
14.8751
14.7401
14.583
14.963
14.6981
14.5886
14.4781
14.9254
14.3525
14.6063
14.8492
14.587
14.4896
14.5214
14.6547
14.7519
14.498
14.5544
14.5954
14.3946
14.647
14.3873
14.3442
14.5975
14.914
14.8611
14.9404
14.6464
14.7526
14.5451
14.4976
14.6714
14.7909
14.6843
14.3232
14.7721
14.5336
14.7687
14.5699
14.7588
14.6985
14.7995
14.913
14.6941
14.8229
14.2907
14.5084
14.6771
14.8104
14.8404
14.6185
14.7955
14.4202
14.7873
14.6513
14.766
14.4018
14.3692
14.6546
14.8257
14.6256
14.7611
14.684
14.6328
14.672
14.7768
14.5329
14.5497
14.7319
14.5459
15.104
14.4821
14.8885
14.6516
14.4346
14.3731
14.4866
14.7751
14.5206
14.7794
14.6978
14.7234
15.0938
14.5116
14.6002
14.9029
14.4828
14.4473
14.4704
14.762
14.7446
14.5324
14.6074
14.6751
14.4115
14.683
14.9639
14.5359
14.4967
14.4643
14.5985
14.4862
14.8643
14.8079
14.7729
14.5395
14.6767
14.4933
14.5127
14.8841
14.7044
14.6969
14.8277
14.4957
14.6689
14.712
14.5756
14.4049
14.6868
14.6016
14.9052
14.8666
14.5228
14.6151
14.7898
14.7677
14.4902
14.7371
14.4657
14.8635
14.8571
14.5762
14.6141
14.9339
14.6783
14.4812
14.4017
14.5448
14.6048
14.6197
14.7844
14.7411
14.8702
14.7605
14.7915
14.804
14.7891
14.7406
14.4776
14.8752
14.7026
14.4888
14.7317
14.4373
14.7375
14.739
14.4871
14.2815
14.7015
14.6593
14.8102
14.6091
14.4252
14.5034
14.524
14.4136
14.5097
14.7389
14.7119
14.6974
14.8001
14.76
14.5847
14.8813
14.6337
14.6498
14.8102
14.8162
14.8758
14.7469
14.6658
14.4789
14.7388
15.105
14.7101
15.0685
15.0053
14.6727
14.7774
14.8007
14.8403
14.776
14.6119
14.764
14.7744
14.76
14.6336
14.8694
14.4823
14.8121
14.3614
14.4339
14.4378
14.2281
14.4981
14.6182
14.7663
14.5483
14.7423
14.8547
14.9401
14.5855
14.5923
14.7128
14.6132
14.7319
14.5778
14.4707
14.4873
14.4143
14.5893
14.7373
14.4294
14.5449
14.7501
14.6626
14.4092
14.61
14.8135
14.7457
14.9792
14.6637
14.5977
14.7498
14.9017
14.6622
14.4233
15.0844
14.8251
14.5629
14.7388
14.8581
14.2627
14.9182
14.8652
14.6051
15.061
14.6204
14.7379
14.7451
14.6832
14.7099
15.0394
14.4929
14.6314
14.3969
14.272
14.6665
14.5679
14.425
14.6148
14.6944
14.86
14.6183
14.8594
14.7566
14.7064
14.524
14.7588
14.4109
14.678
14.8791
15.0138
15.0068
14.9399
14.3792
14.3859
14.651
14.8696
14.4803
14.9123
14.6789
14.6738
14.8136
15.2252
14.7498
14.5305
14.512
14.6255
14.9478
14.8012
14.1732
14.9024
14.6028
14.6941
14.6887
14.6074
14.6421
14.7305
14.9015
14.5965
14.5179
14.1021
14.5445
14.6602
14.6612
14.7711
14.5284
14.501
14.6485
14.6326
14.412
14.265
14.3334
14.599
15.0143
15.0241
14.8127
14.7966
14.7881
14.8176
14.6252
14.8131
14.8091
14.4234
14.6731
14.7384
14.5193
14.5952
14.6736
14.7683
14.6137
14.9131
14.4905
14.5829
14.7893
14.7108
14.6609
14.796
14.3738
14.8161
14.8145
14.6106
14.503
14.6401
14.207
14.5166
14.6713
14.5453
15.0363
14.7824
14.4257
14.3621
14.6987
14.7435
14.9045
14.6969
15.068
14.5966
14.8848
14.743
14.5466
14.9137
14.8321
14.5634
14.462
14.5907
14.669
14.875
14.7733
14.8834
14.5471
14.7809
14.7699
14.5053
14.827
14.7068
14.9196
14.4228
14.4768
14.7795
14.7373
14.7037
14.6157
14.7898
14.6483
14.6847
14.5254
14.8282
14.6233
14.4607
14.5269
14.4079
14.8028
14.6347
14.8192
15.0585
14.8647
14.5953
14.4953
14.474
14.6893
14.8265
14.5102
14.4405
14.7956
14.8931
14.6074
14.6207
14.921
14.5302
14.7724
14.1587
14.4663
14.6252
14.5892
14.7223
14.4875
14.6573
14.7073
14.1785
14.5442
14.6093
14.9462
15.1527
14.618
14.5911
14.5984
14.7508
14.7473
15.035
14.7892
14.6243
14.7805
14.7173
14.7637
14.9317
14.5011
14.5351
14.4742
14.6662
14.7299
14.6453
15.2143
14.7313
14.7102
14.441
14.6264
14.8694
14.7726
14.7825
14.6432
14.4095
14.6609
14.7069
14.6415
14.6492
14.9081
14.6104
14.8805
14.6226
14.9185
14.7178
14.499
14.6961
14.5257
14.7285
14.4194
14.6303
14.5587
14.4348
14.7542
14.5755
14.5694
14.712
14.7437
14.761
14.7124
14.6304
14.7912
14.4145
14.7513
14.7581
14.6724
14.7853
14.7327
14.5246
14.8054
14.677
14.8283
14.8172
14.9345
14.7499
14.8384
14.7521
14.5511
14.2388
14.7575
14.8502
14.5896
14.5313
14.4216
14.5254
14.4588
14.658
14.7191
14.6796
14.6859
14.739
15.0435
14.7891
14.6766
14.2945
14.651
14.7266
14.7369
14.6907
14.8053
14.4535
14.6422
14.4332
14.6166
14.3668
14.6452
14.7159
15.0464
14.878
14.5269
14.7174
14.4668
14.2306
14.8563
14.6002
14.699
14.7291
14.5867
14.8118
14.438
14.5333
14.6486
14.6392
14.9533
14.6061
14.7976
14.4588
14.8116
14.6346
14.8914
14.6709
14.7978
14.8055
14.6867
14.7017
14.7153
14.6842
14.8231
14.452
14.8648
14.9954
14.5021
14.4743
14.6618
14.9651
14.7874
14.6768
14.6676
14.6084
14.7796
14.9045
14.9073
14.7014
14.9363
14.5048
14.33
14.6633
14.8667
14.7458
14.8466
15.0157
14.6116
14.8599
14.7529
14.9042
14.3425
14.9621
14.6207
14.9817
14.7329
14.8595
14.7147
14.6253
14.8711
14.8739
14.7565
14.6577
14.4069
14.4282
14.6255
15.1439
14.6959
14.7067
14.5808
14.8824
14.6503
14.4931
14.8892
14.7641
14.7553
14.7879
14.686
14.7518
14.8008
14.8339
14.841
14.5211
14.6631
14.8865
14.6172
14.3971
14.9968
15.0317
14.5519
14.7942
14.7019
14.3315
14.6101
14.8317
14.6851
14.7445
14.4264
14.6918
14.6963
14.8003
14.753
14.7193
14.5353
14.4845
14.5709
14.8131
14.7921
14.9291
14.4054
14.5742
14.496
14.5
14.6103
14.6683
14.9223
14.6739
14.6373
15.2324
14.6532
14.5822
14.4188
14.6483
14.7405
15.1683
14.8939
14.7488
14.3042
14.9019
14.6293
14.5132
14.6637
14.8476
14.8148
14.5225
15.2225
14.7408
14.715
14.7411
14.9351
14.6456
14.7117
14.8476
14.3169
14.7029
14.4355
14.7688
14.7454
14.4282
14.7489
14.8037
14.5467
14.5034
14.9444
14.7657
14.6082
14.65
14.833
14.6454
14.5551
14.848
14.5332
14.546
14.5417
14.5467
14.6873
14.685
14.7955
14.5589
14.6425
14.6578
14.7493
14.8971
14.4781
14.7247
14.6129
14.431
14.5291
14.6759
14.8318
14.4359
14.8474
14.7673
14.6672
14.5952
14.9952
14.6463
14.4508
14.3515
14.8329
15.1154
14.7173
14.7096
14.9066
14.9014
14.7405
14.5137
14.4684
14.588
14.6012
14.6829
14.8087
14.5458
14.2976
14.7455
15.002
14.368
14.728
14.5858
14.929
14.7074
14.2274
14.7938
14.777
14.7655
14.7305
14.5482
14.5676
14.5731
14.7839
14.8378
14.8748
14.7099
14.4958
14.8005
14.6015
14.9724
14.7123
14.7867
14.7863
14.5351
14.6698
14.642
14.8394
14.5949
14.4697
14.8539
14.7662
14.7156
14.7769
14.6388
14.4467
14.4792
14.81
14.7798
14.8545
14.7881
14.6076
14.706
14.5826
14.8294
14.9768
14.6318
14.4745
14.902
14.7191
14.4125
14.5729
14.8767
15.0661
14.3832
14.4551
14.5574
14.8224
14.6453
14.8363
14.8876
14.7003
14.5693
14.9395
14.4539
14.76
14.5902
14.5382
14.8484
14.7162
14.5807
14.6021
14.5887
14.4366
14.6637
14.7285
14.7021
14.4319
14.4711
14.3794
14.9453
14.5702
14.7231
14.8236
14.7804
14.735
14.4554
14.8849
14.7891
14.4783
14.2601
14.4912
14.5323
14.3618
14.6755
14.7387
14.7034
14.2734
14.7321
14.476
14.612
14.7975
14.7008
14.6975
14.7137
14.6222
14.7722
14.4671
14.9163
14.8216
14.9405
14.53
14.7106
14.9042
14.5492
14.8008
14.8559
14.4507
14.7942
14.7364
14.5212
14.2938
14.6228
14.4237
14.3283
14.3698
14.3969
14.7469
14.8191
14.9578
14.7511
15.0581
14.4403
14.9373
14.8031
14.7381
14.6281
14.4451
14.4928
14.6955
14.7889
14.8616
14.6739
14.8509
14.521
14.8173
14.6445
14.6165
14.6394
14.7332
14.9688
14.8997
14.7484
14.8388
14.8246
14.6104
14.6938
14.8983
14.684
14.7129
14.713
14.7167
14.6079
14.9047
14.7239
14.668
14.7272
14.6098
14.5697
14.5171
14.458
14.7094
14.5815
14.6817
14.4665
14.921
14.5862
14.7004
14.8617
15.1786
14.4497
14.9912
14.7786
14.5183
14.518
14.5249
14.6103
14.8523
14.8174
15.0687
14.3603
14.7738
14.6673
14.7402
14.8622
14.7552
14.8734
14.4091
14.5184
14.9903
14.9308
14.5946
14.5082
14.366
14.5601
14.3981
14.724
14.6849
14.3766
14.6668
14.5871
14.7012
14.5561
14.7823
14.5965
14.8835
14.6932
14.7489
14.8302
14.7342
14.7896
14.7873
14.5306
14.6628
14.761
14.8536
14.8823
14.7554
14.6023
14.9184
14.544
14.4811
14.4553
14.9224
14.5744
14.7202
14.771
14.4903
14.4572
14.4002
15.0033
14.5583
14.8067
14.5683
14.6518
14.4649
14.4783
14.581
14.6816
14.5816
14.986
14.6289
14.6658
14.7678
14.5939
14.7468
14.6969
14.7453
14.4891
14.6895
14.4456
14.5985
15.0444
14.8025
14.4829
15.0513
14.8614
14.8618
14.6826
14.5024
14.8125
14.4222
14.7097
15.0219
14.8272
14.6549
14.9217
14.5715
14.8257
14.689
14.5708
14.7919
14.4714
14.4537
14.8523
15.005
14.7898
14.7303
14.8588
14.5759
14.9223
14.7289
14.614
14.8965
14.4414
14.9322
14.486
14.7599
14.7944
14.5918
14.6543
14.6699
14.4044
14.5178
14.744
14.7115
14.4184
14.6132
14.489
14.5058
14.3976
14.8065
14.7568
14.611
14.9823
14.4937
14.5644
14.7365
14.6018
14.7306
14.8747
14.9279
14.6042
15.125
14.6057
14.9553
14.6799
14.2851
14.7638
14.4923
14.7999
14.6091
15.069
14.7118
14.3874
14.8018
14.6295
15.0616
14.8751
14.6213
14.9316
14.7033
14.7157
14.4174
14.7327
14.5368
14.4884
14.527
14.5791
14.4715
14.6854
14.3827
14.8392
14.5975
14.6919
14.7506
14.8703
15.0424
14.5766
14.7152
14.6393
14.4633
14.7147
14.7279
14.4829
14.6023
14.6374
14.6514
14.7519
14.5787
14.7254
14.7453
14.7851
14.5194
14.6058
14.4289
14.5819
14.8256
14.7111
14.6412
14.4238
14.6026
14.8816
14.7591
14.7434
14.9184
15.0666
14.7862
14.9752
14.3714
14.4206
14.7817
14.7825
14.7508
14.8921
14.4687
14.3928
14.6044
14.5169
14.4859
14.7955
14.44
14.6708
14.5441
14.8264
14.5428
14.7746
14.5073
14.5509
14.6624
14.7499
14.5527
14.6913
14.2867
14.7742
14.5008
14.4366
14.687
14.4552
14.3559
14.778
14.4347
14.5799
14.8757
14.7219
14.5199
14.911
14.4145
14.6123
14.6846
14.75
14.7597
14.3251
14.5398
14.6777
14.582
14.8801
14.6015
14.3853
14.4475
14.7602
14.7466
14.7881
14.5977
14.8347
14.669
14.5676
14.3218
14.5465
14.4396
14.6478
14.642
14.9425
14.7591
14.6885
14.618
14.6275
14.3098
14.4501
14.6356
14.8008
14.5058
14.5525
15.0547
14.5461
14.4874
14.4191
14.7878
14.7293
14.7742
14.7326
14.689
14.7679
14.7404
14.8258
14.7346
14.5112
14.7854
14.5505
14.5801
14.8617
14.7835
14.868
14.6623
14.4729
14.9211
14.815
14.7798
14.4031
14.7588
14.6927
14.7037
14.5541
14.6121
14.5186
14.3688
14.916
14.7765
14.7582
14.6036
14.8601
14.7723
14.721
14.4872
14.3592
14.7646
14.5459
14.5176
14.5011
14.6721
14.7842
14.4789
15.0677
14.9232
14.5907
14.79
14.8436
14.6218
14.9324
14.8507
14.8065
14.5156
14.9086
14.8991
14.7992
14.5756
14.5214
14.7743
14.457
14.766
14.7584
14.558
14.7225
14.582
14.6558
14.7616
15.068
14.4954
14.5221
14.8404
14.6223
14.8093
14.777
14.8567
14.8109
14.5632
14.7643
14.4911
14.4463
14.8019
14.9921
14.7332
14.5588
14.7935
14.741
14.8329
14.9483
14.7631
14.5025
14.6753
14.9618
14.5431
14.6207
14.5158
14.8305
14.4208
14.6616
14.7555
14.6125
14.4898
14.8989
14.4435
14.6081
14.7028
14.5094
14.5871
14.8304
14.6618
14.5882
14.5962
14.8361
14.6207
14.6515
15.1377
14.64
14.5578
14.8992
14.4576
14.3808
15.0068
14.7162
14.851
14.8337
14.3461
14.6805
14.8881
14.9122
14.7498
14.7356
14.5298
14.8677
14.8677
14.6099
14.4607
14.8417
14.9094
14.4914
14.7426
14.5091
14.5249
14.8284
15.0017
14.7345
14.7162
14.5761
14.6672
14.5662
14.9513
15.0922
14.8394
14.5018
14.3911
14.7431
14.6192
14.8129
14.7493
14.6855
14.5825
14.7747
14.8788
14.5087
14.8418
14.6988
14.6378
14.8941
14.4926
14.6338
14.7923
14.2692
14.8256
14.4471
14.4943
14.6439
14.6104
14.5573
14.7734
14.7476
14.6117
14.8895
14.7011
14.7538
14.9269
14.6324
14.7142
14.5964
14.3664
14.2181
14.9687
14.5222
14.8078
14.805
15.0842
14.6874
14.1884
14.723
14.9212
14.7391
14.9733
14.5577
14.4746
14.7342
14.7703
14.9661
14.9197
14.6712
14.7302
14.8423
14.6242
14.6593
14.3613
14.3169
14.6475
14.5586
14.7878
14.6806
14.7859
14.8238
14.6191
14.6192
14.5873
14.8261
14.824
14.5395
14.706
14.5883
14.4304
14.5962
14.5851
14.4293
14.6556
15.1301
14.7276
14.4417
14.7687
14.6894
14.6029
14.7828
14.6564
14.6398
14.7526
14.8628
14.3406
14.9619
14.6282
14.8874
14.7611
14.7912
14.8214
15.0309
14.6031
14.7331
14.709
14.6971
14.5179
14.5821
14.719
14.4335
14.7045
14.5226
14.3905
14.7213
14.709
14.6667
14.5991
14.7241
14.5168
14.4714
14.974
14.8614
14.7669
14.8037
15.0273
14.5088
14.6725
14.8741
15.0798
14.7211
14.8271
14.4619
14.2406
14.6645
14.6199
14.7265
14.7376
14.6807
14.7926
14.5187
14.6758
14.8682
14.9136
14.7147
14.7478
14.732
14.7005
14.9329
14.7679
14.562
14.6155
14.7322
14.5672
14.6727
15.0044
14.8683
14.4463
14.6299
14.4878
14.3572
14.4979
14.6152
14.7175
14.6316
14.7789
14.7675
14.5181
14.5948
14.6373
14.821
14.5066
14.5842
14.7667
14.3273
14.5385
14.7481
14.5447
15.3381
14.8911
14.5759
14.6359
14.4731
14.6709
14.4623
14.5611
14.637
14.5552
14.6206
14.9564
14.7349
14.8474
14.6399
14.5164
14.763
14.5319
14.5738
14.6602
14.646
14.4227
14.696
14.5924
14.7606
14.4623
14.6239
14.4116
14.973
14.7347
14.3406
14.7999
14.8403
14.703
14.6275
14.4433
14.7249
14.7396
14.4879
14.7458
14.5789
15.0424
14.8244
14.6187
14.4523
14.5971
14.9657
14.7565
14.7011
14.6601
14.4914
14.5669
14.3674
14.603
14.6787
14.9042
14.8068
14.9793
14.4684
14.8053
14.6958
14.7088
14.2942
14.4105
14.726
14.6682
14.6332
14.9132
14.304
14.8162
14.6365
14.675
14.811
14.6194
14.7568
14.7099
14.4222
14.458
14.7113
15.0807
14.6622
14.8988
14.5668
14.7332
14.6405
14.4221
14.8999
14.5178
14.609
14.7238
14.6879
14.3678
14.7178
14.7344
14.7139
14.9233
14.7045
14.6401
14.6688
14.6137
14.6433
14.5536
14.7169
14.7738
14.432
14.4248
14.9909
14.5311
14.8352
14.6984
14.7167
14.4964
14.5942
14.4483
14.9902
14.8949
14.7091
14.8511
14.6338
14.8593
15.0273
14.7841
14.705
14.7014
14.5807
14.7908
14.551
14.6368
14.5891
14.5139
14.679
14.7676
14.9054
14.6727
14.2163
14.6607
14.7633
14.6337
14.7205
14.6258
14.523
14.8874
14.525
14.7912
14.6028
14.593
14.6648
14.4331
15.0211
15.0668
14.4211
14.8187
14.5152
14.5862
14.274
14.6183
14.6747
14.5394
14.7237
14.7035
14.6275
14.6717
14.5385
14.7327
14.795
14.7953
14.6625
14.9322
14.6453
14.4272
14.8141
14.4605
14.6984
14.8298
14.3351
14.3538
14.4072
14.5576
14.4888
14.6434
14.6909
14.5191
14.6798
14.5022
14.4928
14.4778
14.8595
14.838
14.8918
14.6786
14.8566
14.4408
14.6953
14.8288
14.5838
14.4834
14.7889
14.9663
14.8893
14.5513
14.831
14.697
14.7329
14.514
14.7489
14.7343
14.8894
14.7083
14.2579
14.8016
14.3539
14.4675
14.5553
14.7667
14.6797
14.7589
14.7935
14.5243
14.6345
14.533
14.7798
14.6807
14.7122
14.8541
14.9341
14.7104
14.7824
14.4474
15.0041
14.7204
14.7344
14.7811
15.0412
15.1238
14.5123
14.5501
14.5367
14.5052
14.5743
14.8931
14.5755
14.8113
14.3491
14.5958
14.3724
14.5832
14.6047
14.3424
14.8118
14.4445
14.3482
14.5963
14.6744
14.496
14.5868
14.6887
14.7015
14.4721
14.786
14.6664
14.585
14.3536
14.7191
14.4838
14.9655
14.5642
14.9094
15.0301
14.8244
14.8157
14.6347
14.9148
14.7986
14.7647
14.6734
14.4885
15.0268
14.5088
14.7967
14.5587
14.7207
14.4928
14.4016
14.5588
14.4851
14.96
14.359
14.7463
14.6747
14.9391
14.5082
14.811
14.8429
14.6911
14.5449
14.6808
14.4947
14.4918
14.7571
14.4709
14.642
14.4861
14.9233
14.2718
14.7909
14.3686
14.6223
14.7339
14.4318
14.7323
14.8395
14.9406
14.9364
14.7457
14.9014
14.8237
14.698
14.7015
14.8161
14.7397
14.6964
14.6733
14.6711
14.7337
14.769
14.5623
14.6256
14.342
14.5021
14.4497
14.5788
14.6361
14.8019
14.5284
14.387
14.5879
14.5033
14.7177
14.4946
14.7364
14.8428
14.7424
14.7412
14.9266
14.5769
14.5017
14.5054
14.5759
14.5907
14.4742
14.7448
14.5042
14.7814
14.5329
14.5435
14.6004
14.582
14.7716
14.5444
14.5236
14.3034
14.5041
14.6944
14.6473
14.5193
14.655
14.7749
14.7637
14.775
15.0342
14.7739
14.5577
14.4588
14.6145
14.7849
14.861
14.4419
14.6285
14.7172
14.755
14.4574
14.5004
14.8497
14.4854
14.5283
14.5016
14.7415
14.817
14.6011
14.8655
14.7527
14.6253
14.9883
14.5324
14.6327
14.9364
14.3383
14.9392
15.0504
14.7076
14.8885
14.818
14.6849
14.662
14.7007
14.7229
14.8669
14.7678
14.6799
14.5535
14.5209
14.7087
14.8283
14.7718
14.5876
14.9303
14.5887
14.618
14.6143
14.5788
15.0228
14.6144
14.5143
14.3919
14.5824
14.6618
14.8692
14.4764
14.7962
14.6666
14.7565
14.4849
14.5139
14.4793
14.95
14.6028
14.8462
14.7469
14.6723
14.6179
14.6171
14.7242
14.4028
14.8063
14.6033
14.6606
14.5889
14.2632
14.5135
14.7415
14.7737
14.722
14.8536
14.4127
14.7696
14.5742
14.3092
14.7835
14.8256
14.4524
14.6117
14.6265
14.5948
14.9646
14.5579
14.5413
14.6577
14.7015
14.9317
14.3913
14.3315
14.2749
14.8471
14.6145
14.7744
14.7877
14.5049
14.7652
14.645
14.6902
14.7211
14.604
14.623
14.808
14.5449
14.7629
14.4198
14.6946
14.8243
14.6401
14.8178
14.9005
14.6666
14.5363
14.9982
15.1226
14.794
14.5795
14.8196
14.6653
14.4062
14.6969
14.6038
14.6181
14.8644
14.6416
14.8686
14.5793
14.7471
14.7354
14.4824
14.8066
14.6299
14.7364
14.7893
14.662
14.6323
14.8097
14.6176
14.6566
14.8721
14.67
14.7427
14.693
14.4045
14.6024
14.8059
14.6549
14.7994
14.6326
14.5768
14.4813
14.7857
14.399
14.8177
14.6499
14.532
14.6356
14.6162
14.4331
14.5653
14.6234
14.4811
14.7342
14.5097
14.812
14.7905
14.7356
14.5552
14.4349
14.8608
14.6434
14.5996
14.7796
14.6802
14.5614
14.6095
14.7624
14.8829
14.7662
14.8274
14.7522
14.7843
14.5518
14.5417
14.8432
14.8813
14.7431
14.8144
14.6481
14.6977
15.0631
14.7015
14.8297
14.771
14.9077
14.6676
14.6886
14.7409
14.6626
14.5409
14.9432
14.8684
14.7797
14.6523
14.57
14.7808
14.9058
14.5895
14.6348
14.6772
14.7678
14.7233
14.7409
14.566
14.5586
14.9372
14.6968
14.4148
14.6806
14.3524
14.4965
14.7005
14.7508
14.3116
14.7986
14.7356
14.6344
14.6338
14.8403
14.7169
14.9711
14.6847
14.6412
14.641
14.6171
14.3965
14.7434
14.6407
14.4782
14.6714
14.7182
14.7946
14.7058
14.5048
14.6564
14.7913
14.9753
14.8265
14.6958
14.6174
14.3176
14.196
14.7802
14.7578
14.6088
14.7868
14.5267
14.4856
14.8375
14.3794
14.8318
14.6498
14.8078
14.7564
14.7222
14.7378
14.559
14.7252
14.7316
14.8773
14.7431
14.6943
14.6486
14.6032
14.7936
14.6765
15.0441
14.4366
14.5551
14.7302
14.9734
14.8432
14.7813
14.6145
14.7934
14.6916
14.7573
14.7288
14.5284
14.5878
14.8455
14.7612
14.6888
14.6768
14.5582
14.4447
14.5607
14.5626
14.8616
14.5925
14.4681
14.7815
14.5291
14.9353
14.679
14.7605
14.5451
14.5768
14.7829
14.5703
14.8548
14.9494
14.4421
14.4838
14.8203
14.7396
14.7663
14.8515
14.6312
14.6532
14.7462
14.5426
14.8974
14.5826
14.6555
14.9193
14.5303
14.8878
14.6153
14.6568
14.7928
14.4646
14.7967
14.4551
14.7946
14.3571
14.79
14.493
14.6512
14.74
14.8679
14.4562
14.5212
14.4813
14.5241
14.5199
14.7842
14.7218
14.4887
14.5554
14.5595
14.6947
14.6621
14.6231
14.4739
14.779
14.432
14.7675
15.1062
14.4607
14.7382
14.788
14.7015
14.7068
14.6445
14.7696
14.7355
14.7051
15.095
14.8131
14.7338
14.4339
14.6333
14.7081
15.1639
14.9365
14.5583
14.4691
14.4554
14.7609
14.7491
14.5827
14.6939
14.6298
14.2551
14.5067
14.5289
14.439
14.575
14.5212
14.7601
14.6622
14.7963
14.7495
14.5856
14.5313
14.3709
14.7919
14.3253
14.5012
14.5993
14.6382
14.6066
14.767
14.7378
14.754
14.9275
14.4152
14.8339
14.6789
14.9157
14.9995
14.5949
14.7089
14.4298
14.4752
14.4117
14.6112
14.6397
14.966
14.6083
14.6102
14.6309
15.0042
14.8288
14.4071
14.2956
14.5791
14.5223
14.7195
14.7249
14.6545
14.504
14.7959
14.8089
14.7573
14.7202
14.5077
14.6547
14.7255
14.9228
14.6937
14.562
14.6264
14.6377
14.8357
14.5183
14.639
14.5086
14.367
14.7018
14.8425
14.7625
14.6509
14.8502
14.5032
14.2965
14.764
14.5713
14.811
14.6371
14.6674
14.6157
14.5623
14.6017
14.4366
14.6338
14.5332
14.5756
14.7621
14.6661
14.7698
14.796
14.7427
14.3328
14.5564
14.7814
14.6922
14.6137
14.6023
14.5975
14.7013
14.5767
14.4795
14.7051
14.6231
14.7235
14.6195
14.6331
14.5693
14.639
14.6894
14.7567
14.5239
14.6551
14.7287
14.6912
14.5466
14.5559
14.8211
14.6828
14.7222
14.5021
14.845
14.6216
14.8199
14.8296
14.9168
14.8447
14.5304
14.5593
14.6775
14.4331
14.8999
14.6289
14.7013
14.5454
14.773
14.7061
14.728
14.7526
14.5423
14.7805
14.7993
14.5462
14.5459
14.5498
14.7363
14.727
14.639
14.3941
14.8475
14.398
14.6864
14.5084
14.99
14.752
14.6588
14.7198
14.7791
14.7331
14.6327
14.6277
14.6818
14.7305
14.5276
14.2807
14.9463
14.533
14.5307
14.8307
14.5852
14.8308
14.7633
14.4384
14.9447
14.7797
14.6637
14.54
14.5269
14.5853
14.8038
14.6275
14.8909
14.5875
14.5651
14.9997
14.6183
14.9422
14.7202
14.7103
14.6847
14.3686
14.7376
14.7942
14.4741
14.7231
14.8861
14.7277
14.527
14.3714
14.9019
14.7205
14.7363
14.6871
14.4183
14.6268
14.4672
14.3176
14.7985
14.8389
14.776
14.9349
14.9955
14.7917
14.8066
14.8894
14.7353
14.6689
14.6908
14.6796
14.4915
14.8117
14.8576
14.7578
14.6326
14.5589
14.9759
14.7007
14.4816
14.5376
14.9621
14.6016
14.6056
14.4893
14.687
14.6229
14.1953
14.705
14.5845
14.6483
14.8557
14.7739
14.8856
14.8829
14.3151
14.7394
14.6014
14.8282
14.5987
14.7165
14.8897
14.9028
14.7519
14.6478
14.7657
14.4208
14.5651
14.5734
14.8337
14.7126
14.6214
14.7857
14.6408
14.8558
14.4491
14.9832
14.9066
14.7642
14.7027
14.6717
14.4974
14.5861
14.3591
14.7616
14.8674
14.9041
14.719
14.2335
14.8926
14.4866
15.0551
14.324
14.9146
14.6303
14.726
14.5947
14.5994
14.6526
14.6152
14.612
14.6193
14.7927
14.3514
14.6017
14.4591
14.9329
14.4636
14.3441
14.6248
14.9381
14.4636
14.4994
14.6439
14.6875
14.736
14.9195
14.7302
14.9566
14.7435
14.8072
14.5282
14.7629
14.6975
14.7559
14.6952
14.6328
14.6106
14.5576
14.6292
14.4315
14.3964
14.7811
14.6511
14.8897
14.8579
14.4533
14.8317
14.7593
14.7511
14.6055
14.5928
14.7731
14.7695
