14.677
14.4632
14.7566
14.632
14.6922
14.7116
14.7073
14.6133
14.6598
14.6152
14.4863
14.6649
14.9117
14.6348
14.7698
14.9069
14.7136
14.8336
14.6776
14.7316
14.7306
14.6728
14.6503
14.4396
14.6801
14.686
14.4839
14.5128
14.6308
14.7525
14.688
14.8883
14.4515
14.6246
14.6909
14.7725
14.5926
14.7639
14.7015
14.5012
14.7652
14.8341
15.0529
14.5143
14.6365
14.6791
14.8929
14.684
14.7629
14.7741
14.5606
15.0254
14.5646
15.1849
14.7946
14.4891
14.708
14.9865
14.7195
14.7005
14.9765
14.8893
14.9223
14.6723
14.5068
14.4545
14.6205
14.2962
14.297
14.6428
14.7828
14.8391
14.7006
14.4567
15.0162
14.3199
14.8255
14.7334
14.9041
14.6631
14.5808
14.3153
14.616
14.7147
14.7503
14.6546
14.8207
14.8041
14.4736
14.7065
15.0165
14.5714
14.5872
14.9255
14.6838
14.5973
14.8817
14.4643
14.3795
14.4989
14.5057
15.0286
14.8576
14.726
14.4687
14.4486
14.6996
14.5655
14.5985
14.7355
14.8128
14.6272
14.5372
14.7563
14.8398
14.6238
14.7714
14.8432
14.49
14.5359
14.7458
14.8337
14.7335
14.7599
14.9504
14.7888
14.7434
14.993
14.7184
14.7699
14.6335
14.5158
14.5652
14.6132
14.8837
14.754
14.8075
14.465
14.6457
14.6297
14.5763
14.5048
14.5011
14.8434
14.6864
14.6265
14.8026
14.6715
14.651
14.633
14.7757
14.6485
14.7082
14.6679
14.7013
14.6989
14.3775
14.7273
14.5873
14.8476
14.6809
14.2703
14.5841
14.3895
14.431
14.5923
14.5933
14.6262
14.7949
14.8214
14.4868
14.633
14.5818
14.7486
14.8995
14.5236
14.498
14.6023
14.7702
14.5069
14.7912
14.7751
14.657
14.6796
14.4549
14.2741
14.597
14.5016
14.5153
14.8337
14.8012
14.7837
14.9271
14.7785
14.6787
14.4699
14.7608
15.0137
14.8387
14.5735
14.8235
15.0393
14.5335
14.4358
14.661
14.7233
14.6234
14.82
14.8124
14.4255
14.8152
14.8933
14.5241
14.7336
14.5612
14.8535
14.6202
14.5979
14.7229
14.6159
14.738
14.4424
14.8413
14.8365
14.5572
14.4122
14.5944
14.63
14.6803
14.8303
14.4272
14.7763
14.5613
14.7657
14.6054
14.7469
14.7438
14.6312
14.5854
14.6499
14.5966
14.684
14.9497
14.7755
14.89
14.6403
13.9903
14.7072
14.5645
14.8993
14.8558
14.5571
14.755
14.1103
14.4668
14.9998
14.5871
14.6472
14.6762
14.4815
14.6271
14.563
14.7093
14.7437
14.8486
14.5081
14.7098
14.671
14.499
14.7864
14.5503
14.6752
14.6806
14.644
14.6477
14.4242
14.9701
14.8045
14.7971
14.4453
14.3771
14.5584
14.4545
14.5744
14.8048
14.6935
14.7413
14.3531
14.844
14.8007
14.4256
14.5576
14.8779
14.824
14.5595
14.7337
14.28
14.7583
14.4475
14.7046
14.6844
14.7477
14.634
14.9177
14.6457
14.7278
14.7165
14.5144
14.8895
14.3326
14.7285
14.7144
14.7075
14.9191
14.736
14.7169
14.4155
14.4026
14.3627
14.3861
14.5537
14.3603
14.5114
14.7964
14.7409
14.4629
14.585
14.8219
14.7847
14.5235
14.7129
14.7409
14.3482
14.4776
14.348
14.8638
14.5688
14.643
14.6372
14.5031
14.8549
14.63
14.4816
14.8202
14.6788
14.5742
14.4584
14.5216
14.776
14.7728
14.8784
14.578
14.8214
14.447
14.5867
14.6418
14.6185
14.9148
14.721
14.7035
14.6993
14.7468
14.871
14.5988
14.7243
14.4484
14.6846
14.7613
14.7752
14.7067
14.412
15.3611
14.7396
14.8114
14.4338
14.9394
14.5695
14.4549
14.5059
14.6625
14.4443
14.6208
14.3665
14.3126
14.8107
14.6403
14.83
14.6721
14.8939
14.8122
14.8608
14.7574
14.4921
14.5568
14.6847
14.7115
14.6717
14.5625
14.3449
14.5502
14.898
14.5435
14.5854
14.5519
14.428
14.368
14.7606
14.6336
14.7103
14.5202
14.7707
14.9601
14.9659
14.5997
14.7354
14.3953
14.4884
14.3733
14.3775
14.5175
14.6025
14.7038
14.6928
14.6115
14.5406
14.6299
14.6475
14.5719
14.596
14.5073
14.8341
14.6398
14.7895
14.5331
14.6428
14.3635
14.5102
14.4884
14.6378
14.7578
14.5466
14.4959
14.6283
14.6661
14.4346
14.4951
14.8802
14.8021
14.4284
14.7072
14.4512
15.0814
14.7209
14.8457
14.4228
14.6842
14.4616
14.6554
15.0237
14.9817
14.7308
14.9126
14.5469
14.3692
14.7542
14.7382
14.7547
14.4771
14.5926
14.6278
13.9533
14.5562
14.6705
14.412
14.7865
14.6106
14.7387
14.7349
14.8129
14.7133
14.5418
14.5736
15.056
14.2257
14.9511
14.7058
14.8315
14.6043
14.8333
14.895
14.7519
14.9081
14.5223
14.4096
14.579
14.5248
14.5178
14.317
14.512
14.9466
14.9662
14.639
14.9925
14.6887
14.6775
14.5403
14.7113
14.9057
14.8643
14.6051
14.8236
14.3971
14.6088
14.8825
14.6262
14.7811
14.748
14.4813
14.5743
14.7292
14.807
14.698
14.601
14.5983
14.7845
14.4368
14.4177
14.6829
14.5139
14.7642
14.6151
14.3589
14.6992
14.4257
14.5713
14.6582
14.6696
14.4288
14.5847
14.627
14.8121
14.9236
14.7459
14.8126
14.6889
14.5631
14.5071
14.6446
14.9618
14.7109
14.6363
14.7442
15.001
14.7213
14.9052
14.8643
14.8092
14.4069
14.7567
14.6321
14.6845
14.3926
14.6524
14.7077
14.7372
14.4821
14.6985
14.5914
14.8935
14.6711
14.6318
14.3036
14.4923
14.8789
14.7914
14.38
14.4523
14.489
14.711
14.7336
14.7512
14.7135
14.703
14.507
14.5193
14.9978
14.7117
14.6942
14.7806
14.5511
14.4788
14.628
14.6019
14.7751
14.5086
14.9212
14.5843
14.7382
14.6664
14.5321
14.7161
14.638
14.7987
14.4321
15.0399
14.7332
14.7374
14.82
14.736
14.8817
14.3928
14.4955
14.5659
14.2158
14.5916
14.7063
14.5179
14.6217
14.9082
14.783
14.5764
14.7921
14.9633
14.5579
14.5471
14.5483
14.6961
14.4
14.5389
14.7162
14.6613
14.7451
14.526
14.7702
14.5524
14.6468
15.0168
14.9865
14.6361
14.7899
14.7529
14.9288
14.9386
14.6669
14.4396
14.8714
14.5321
14.7585
14.5801
14.5164
14.4978
14.6953
15.0323
14.4461
14.8854
14.647
14.689
14.8064
14.8961
14.538
14.8653
15.1424
14.668
14.7726
14.7627
14.4219
14.843
14.4171
14.4448
14.9692
14.8361
14.8397
14.5795
14.469
14.8437
14.5263
14.6603
14.7955
14.9343
14.6878
14.5722
14.3487
15.0441
14.8211
14.5372
14.6748
14.6497
14.6437
14.8832
14.7589
14.6186
14.9311
14.4586
14.6127
14.493
14.7025
14.7435
14.5329
14.5315
14.4687
14.568
14.5892
14.6054
14.6518
14.8962
14.9001
14.8415
14.4653
14.8125
14.7109
14.7583
14.7409
14.5703
14.6061
14.5411
14.8433
14.8798
14.8555
14.5357
14.4073
14.3936
14.6877
14.5126
14.4564
14.5492
14.7696
14.6388
14.6422
14.6037
14.5413
14.5661
14.7724
14.6874
14.2488
14.5671
14.61
15.0014
14.6325
14.754
14.6223
14.7215
14.7186
14.8891
14.6749
14.6256
14.7214
14.6719
14.197
14.7308
14.8871
14.6854
14.919
14.0085
14.6574
14.6294
14.762
14.5079
14.8299
14.7627
14.9918
14.6138
14.4423
14.6905
14.4595
14.5742
14.5345
14.5268
14.6829
14.5507
14.6204
14.4424
14.691
14.7078
14.5458
14.8028
14.5761
14.5952
14.8041
14.5742
14.7533
14.6704
14.6356
14.7246
14.4172
14.6138
14.4241
14.5783
14.8386
14.6442
14.5397
14.5943
14.8266
14.3422
14.8847
14.6454
14.7757
14.5978
14.5834
14.7093
14.5075
14.5843
14.7268
14.6808
14.4509
14.6673
14.4743
14.7666
14.5831
14.7891
14.4377
14.946
14.9039
14.5133
14.4613
14.624
14.5192
14.3353
14.7911
14.4179
14.555
14.9085
14.8691
14.5642
14.7293
14.6185
14.8613
14.8206
14.7582
14.5847
14.8198
14.8783
14.751
14.4071
14.5796
14.8811
14.752
14.9135
14.642
14.5761
14.5245
14.7616
14.7801
14.6913
14.5842
14.7892
14.5088
14.7419
15.0104
14.753
14.6107
14.5259
14.5484
14.7564
14.7034
14.6987
14.5967
14.7409
14.528
14.5603
14.7502
14.7695
14.4939
14.4128
14.466
14.8189
14.7598
14.9769
14.7965
14.7467
14.8232
14.7252
14.5942
14.9392
14.7609
14.4647
14.3759
14.4216
14.5792
14.5705
14.6443
14.713
14.6054
14.6948
14.562
14.8828
14.9374
14.7059
14.982
14.5935
14.6105
14.6785
14.7917
15.1228
14.4532
14.5419
14.5682
14.8345
14.4963
14.526
14.6976
14.8588
14.8848
14.6208
14.9824
14.6891
14.6408
14.7459
14.6911
14.7573
14.7484
14.92
14.6045
14.7355
14.647
14.7791
14.7378
14.8944
14.5355
14.7051
14.539
14.6713
14.3275
14.6083
14.6081
14.1857
14.7979
14.5332
14.6922
14.7573
14.792
14.8386
14.6145
14.3368
14.734
14.4849
14.8299
14.8253
14.6174
14.6761
14.828
14.6691
14.9942
14.7798
14.6673
14.613
14.5338
14.7422
14.4779
14.6209
14.8221
14.4752
14.896
14.5104
14.8754
14.507
14.8798
14.507
14.575
14.5328
14.5039
14.5379
15.1139
14.7877
14.5692
14.8199
14.8129
14.4224
14.646
14.4191
14.6699
14.7028
14.6822
14.7659
14.6101
14.8046
14.67
14.7676
14.5023
14.7166
14.6157
14.7233
14.3718
14.5068
14.5663
14.5775
14.3535
15.007
14.5443
14.8901
14.5304
14.7123
14.3686
14.6588
14.7534
14.5674
14.7497
14.7173
14.5813
14.6117
14.4674
14.5191
14.8172
14.6866
14.5738
14.469
14.7714
14.6562
14.7665
14.7116
14.6815
14.544
14.5708
14.7883
14.6219
14.8407
14.3308
14.4839
14.8252
14.4256
14.4551
15.1313
14.5802
14.6769
14.6841
14.6628
14.7456
14.851
14.5131
14.7098
14.6011
14.9977
14.6498
14.7274
14.7773
14.4518
14.6148
14.9199
14.5688
14.4396
14.3294
15.0214
14.7009
14.5185
14.5083
14.7892
14.3321
14.9285
14.5203
14.9715
14.177
14.6457
14.4857
14.4828
14.5814
14.5745
14.6522
14.5996
14.4216
14.8627
15.0696
14.7985
14.7029
14.572
14.5552
14.2654
14.672
14.6358
14.7443
14.5118
14.5771
14.4934
14.5291
14.6879
14.7528
14.9046
14.6417
14.6651
14.4471
14.8247
14.5732
14.5618
14.8532
14.4158
14.7969
14.4672
14.7772
14.5997
14.7372
14.5903
14.6461
14.3825
14.7832
14.8172
14.4816
14.4563
14.8039
14.6714
14.411
14.7055
14.4865
14.4925
14.8091
14.6395
14.8158
14.5382
14.569
14.5776
14.8018
14.5004
14.783
14.7645
14.4229
14.8025
14.6624
14.5372
14.573
15.0173
14.6364
14.8623
14.8283
14.5661
14.4754
14.4841
14.6546
14.5543
14.7198
14.7917
14.6629
14.5152
14.5319
14.745
14.6821
14.5806
14.7213
14.5014
14.6446
14.727
14.5326
14.4451
14.8687
14.7346
14.6551
14.6843
14.8929
14.555
14.5484
14.6079
14.7664
14.4774
14.6735
14.5712
14.8167
15.0191
14.75
14.8472
14.7091
14.6671
14.8595
14.6329
14.7024
14.7704
14.6654
14.5042
14.85
14.9918
14.6805
14.6652
14.6102
14.6155
14.9991
14.3694
14.3424
14.6744
14.4007
14.6292
14.8974
14.6832
14.7194
14.7806
14.6809
14.5688
14.9617
15.0032
14.4516
14.4109
14.5858
14.578
14.6991
14.9025
14.6891
14.6198
14.7969
14.6563
15.2639
14.7185
14.5883
14.6137
14.9359
14.7901
14.5669
14.8877
15.0405
14.8093
14.6327
14.693
14.6568
14.6086
14.6464
14.4971
14.5986
14.4652
14.7351
14.617
14.8275
14.6315
14.5394
14.4798
14.5669
14.8016
14.4967
14.7108
14.4482
14.6498
14.8599
14.754
14.6557
14.8187
14.5292
14.616
14.7368
14.5902
15.0116
14.8183
14.4152
14.7228
14.7252
14.5961
14.339
14.3497
14.8107
14.3969
14.8657
14.4386
14.7946
14.8096
14.7668
14.8552
14.9977
14.5576
14.7593
14.7102
14.279
14.4182
14.4999
14.5731
14.6934
14.6012
14.795
14.4621
14.4838
14.6793
14.7543
14.7767
14.5876
14.7256
14.6518
14.4489
14.4963
14.2747
14.629
14.5758
14.4594
14.5354
14.6882
14.7835
14.6829
14.6885
14.5678
14.5593
14.6937
14.5795
14.5574
14.8505
14.5724
14.809
14.3577
14.734
14.7506
14.6061
14.9223
14.6545
14.8708
14.8551
15.0118
14.6724
14.4436
14.4545
14.6451
14.6719
14.5641
14.9207
14.6901
14.79
14.7157
14.7447
14.8685
14.478
14.7259
14.4787
14.6095
14.9824
14.4696
14.5722
14.4937
14.2578
14.9398
14.4915
14.6976
14.7728
14.6881
14.4832
14.7161
14.4331
14.5724
14.6646
14.775
14.5083
14.8247
14.7185
14.8904
14.6962
14.5254
14.9412
14.6747
14.5286
14.6941
14.7956
15.1438
14.9931
14.6321
14.1604
14.9339
14.6813
14.4547
14.5829
14.8629
14.8129
14.5233
14.6324
14.6768
14.8339
14.6558
14.9348
14.6271
14.3089
14.8033
14.7148
14.502
14.3669
14.6728
14.7275
14.7814
14.8255
14.6634
14.7699
15.0283
14.8263
14.7162
14.7322
14.7019
14.7171
14.5943
14.7713
14.581
14.4811
14.5894
14.4104
14.8278
14.5827
14.5208
14.3574
14.282
14.5564
15.1229
14.8025
14.4112
14.5726
14.3325
14.5742
14.7481
14.8437
14.5138
14.8205
14.7504
14.7116
14.2508
14.7902
15.0361
14.5409
14.9143
14.6661
14.9638
14.6566
14.877
14.994
14.6744
14.7298
14.8472
14.6345
14.4441
14.3445
14.5419
14.7813
14.7014
14.3414
14.8325
14.4772
14.5093
14.6829
14.6711
14.7061
14.4418
14.6296
14.5905
14.2982
14.757
14.3956
14.8476
14.9085
14.8496
14.7329
14.5127
14.9758
14.9452
14.5102
14.6561
14.7889
14.51
14.7995
14.9
14.7395
14.4618
14.6695
14.4942
14.6873
14.7155
14.6503
14.7359
14.6582
14.8166
14.8125
14.541
14.8784
14.7998
14.6657
14.9463
14.4591
14.8437
14.6693
14.481
14.6542
14.4769
14.7826
14.638
14.7097
14.7422
14.5879
14.7339
14.8612
14.6414
14.3608
14.7082
14.4097
14.3145
14.566
14.559
14.7327
14.7163
14.4082
14.7538
14.7796
14.4635
14.587
14.7284
14.4586
14.371
14.4145
14.3926
14.6639
14.6425
14.2484
14.4669
14.6769
14.525
14.5939
14.6156
14.4729
14.4298
14.5905
14.8861
14.3592
14.492
14.7773
14.4694
14.5153
14.513
14.7498
14.7856
14.7766
14.8813
15.0266
14.7489
14.3986
14.5608
14.874
14.644
14.7263
14.4737
14.697
14.6308
14.7136
14.7704
14.662
14.7275
14.6892
14.4898
14.6862
14.5674
14.824
14.6567
14.6533
14.8066
14.8097
14.6543
14.5974
14.6601
14.7486
14.7769
14.9199
14.6141
14.7018
14.6473
14.5726
15.0333
14.6312
14.6758
14.6881
14.4002
14.6034
14.8138
14.5156
14.8398
14.9438
14.6518
14.6675
14.8309
14.8772
14.7765
14.6001
14.6552
14.8489
14.348
14.7267
14.8669
14.6166
14.2005
14.5089
14.9523
14.7395
14.6673
14.7999
14.6906
14.5366
14.6726
14.6504
14.4921
14.5478
14.3273
14.9223
14.702
14.7513
14.5801
14.659
14.4913
14.8195
14.9873
14.8006
14.4628
14.5668
14.7286
14.6451
14.5723
14.8206
14.6701
14.9913
14.3678
14.82
14.6639
14.9739
14.6195
14.8426
14.8619
14.2283
14.6599
14.9744
14.6365
14.7237
14.8698
14.5417
14.9057
14.6806
14.924
14.7497
14.3824
14.7958
14.8234
14.9599
14.5214
14.9123
14.4776
14.8215
14.6499
14.9406
14.6006
14.6359
14.4159
14.5206
14.8621
14.6732
14.8231
14.8906
14.8379
14.4449
14.481
14.7036
14.6362
14.6957
14.4501
14.63
14.6948
14.6028
14.6504
14.4706
14.5809
14.8577
14.5182
14.6502
14.5994
14.7085
14.4558
14.8118
14.456
14.5897
14.6704
14.5106
14.5434
14.3868
14.8138
14.4206
14.723
14.6447
14.8722
14.8501
14.4916
14.3499
14.8193
14.3198
14.7756
14.8153
14.5428
14.4041
14.3708
14.6138
14.4844
14.6541
14.6537
14.7154
14.315
14.9179
14.3901
14.764
14.4042
14.756
14.4973
14.5869
14.5029
14.6131
14.9591
14.6723
14.8569
14.4009
14.5692
14.6643
14.6309
14.857
14.7821
14.9075
14.8253
14.7566
14.9079
14.4216
14.516
14.6687
14.6863
14.5418
14.669
14.4536
14.7728
14.6497
15.0369
14.5148
14.6888
14.8525
14.5325
14.412
14.582
14.6887
14.8365
14.7095
14.879
14.5706
14.4217
14.6974
14.8259
14.7427
14.7724
14.5822
14.5268
14.5421
14.5305
14.5531
14.7718
14.7124
14.6309
14.7741
14.5427
14.3438
14.6798
14.7554
14.8028
14.7518
14.7558
14.8015
14.7216
14.6656
14.6192
14.4949
14.8083
14.5756
14.8058
14.828
14.7769
14.8014
14.4886
14.5367
15.0622
14.5433
14.6745
14.4334
14.5373
14.975
14.6885
14.3707
14.7381
14.5138
14.7189
14.617
15.0498
14.5926
14.8047
14.8503
14.3977
14.9014
14.6479
14.7704
14.672
14.678
14.7612
14.8677
14.3803
14.6569
14.5989
14.4948
14.6328
14.7069
14.5578
14.4325
14.8479
14.5431
14.3306
14.8431
14.5898
14.8754
14.7414
14.3554
14.734
14.1242
14.9165
14.3956
14.6654
14.8428
14.8389
14.3281
14.4076
14.4976
14.6027
14.7845
14.9683
14.769
14.4987
14.7972
14.8211
14.7845
14.6217
14.5067
14.7339
14.651
14.9759
14.6821
14.6649
14.4235
14.795
14.5615
14.6528
14.8126
14.6358
14.7737
14.7101
14.6201
14.4661
14.6059
14.6757
14.5465
14.5268
14.4281
14.8744
14.5367
14.5163
14.8688
14.752
14.7937
14.5106
14.6529
15.0226
14.4621
14.9571
14.5112
14.6586
14.7624
14.3721
14.8495
14.5937
14.4699
14.5581
15.1073
14.5522
14.6689
14.5397
14.481
14.7666
14.8025
14.6486
14.5283
14.925
14.6141
14.6662
14.8265
14.5398
14.8332
14.8853
14.4972
14.91
14.1315
14.7028
15.093
14.213
14.8308
14.6595
14.5377
14.3324
14.8122
14.7064
14.5244
14.6011
14.7067
14.7268
15.0679
14.5703
14.7205
14.8502
14.4327
14.643
14.804
14.7885
14.5443
14.827
14.4448
14.3798
14.809
14.4484
14.7929
14.8305
14.8831
14.7114
14.5967
14.7371
14.7212
14.5996
14.5343
14.6019
14.4637
14.847
14.8654
14.4919
14.7721
14.4533
14.8496
14.4563
14.5588
14.7654
14.6772
14.6275
14.6164
14.4155
14.7194
14.633
14.3896
14.8321
14.9566
14.5573
14.5873
14.5944
14.7666
14.6652
14.4782
14.7284
14.7937
14.5593
14.4945
14.4367
14.4864
14.589
14.5168
14.713
14.621
14.5901
14.844
14.5344
14.8433
14.6321
14.5255
14.5579
14.4904
14.4364
14.7012
14.5486
14.536
14.8652
14.7455
14.5851
14.6536
14.6258
14.4387
14.4559
14.4413
14.5066
14.5495
14.3511
14.6462
14.877
14.4462
14.8039
14.4153
14.6861
15.0144
14.5888
14.7472
14.6441
14.4562
14.8612
14.4413
14.859
14.4576
14.9842
14.8379
14.9743
14.4649
14.8817
14.8067
14.6933
14.4118
14.7818
14.8256
14.7403
14.4267
14.7316
14.5735
14.7326
14.7007
14.8167
14.5603
14.6895
14.8568
14.4952
14.6396
14.6593
14.8205
14.6941
14.8485
14.8702
14.9412
14.3964
14.473
14.6358
14.5291
14.4647
14.4136
14.8948
14.8149
14.778
14.3061
14.4931
14.483
14.5064
14.8873
14.3158
14.5772
14.4999
14.739
14.5817
14.8862
14.4244
15.0018
14.6504
14.7528
14.5166
14.8169
14.7364
14.8919
14.6269
14.6318
14.4099
14.5381
14.3652
14.7647
14.8205
14.6218
14.602
14.8041
14.314
14.597
14.7099
14.4627
14.6579
15.0199
14.4502
14.8845
14.3949
14.6261
14.6875
14.5152
14.9047
14.5633
14.507
14.7267
14.6888
14.4917
14.7056
14.8468
14.8088
14.6823
14.6853
14.7575
14.8815
14.6481
14.8475
14.724
14.8412
14.8449
14.6307
14.7326
14.8727
14.6816
14.4493
14.5182
14.6417
14.6456
14.7015
14.7154
14.3901
14.9056
14.7121
14.5051
14.6727
14.7806
14.7375
14.7496
14.4804
14.6694
14.4982
14.683
14.8977
14.3936
14.9316
14.3866
14.7154
15.0078
14.9185
14.3954
14.7744
14.6846
14.5668
14.3821
14.4541
14.7017
14.9589
14.8373
14.4467
14.7751
14.5986
14.5065
14.5045
14.9565
14.8515
14.6905
14.8788
14.8507
14.6388
14.8149
14.6752
14.726
14.3313
14.8973
14.7366
14.664
14.7286
14.5817
14.6212
14.453
14.536
14.5267
14.419
14.644
14.4841
14.9688
14.8077
14.7084
14.3295
14.4588
14.714
14.6481
14.5676
14.6441
14.5763
14.6964
14.7249
14.6563
14.3091
14.5488
14.5524
14.9828
14.6204
14.6699
14.5827
14.9135
14.6856
14.6655
14.6816
14.4284
14.6233
14.7598
14.7782
14.7915
14.5237
14.6668
14.5847
14.3568
14.8974
14.5328
14.451
14.9356
14.7543
14.7757
14.628
14.6269
14.6344
14.4416
14.7087
14.4519
14.6429
14.6753
14.8671
14.7816
14.5633
14.725
14.7947
14.7195
14.7552
14.5388
14.7218
14.5734
14.3885
14.7175
14.8048
14.8144
14.4958
14.6741
14.6966
14.6302
14.8026
14.7929
14.7646
14.4883
14.5024
14.6712
14.8985
14.8972
14.8651
14.3899
14.8286
14.8057
14.6898
14.5687
14.4033
14.8816
14.7276
14.675
14.4928
15.2035
14.7219
14.6713
14.7577
14.5669
14.9454
14.6327
14.848
14.7194
14.6788
14.7037
14.7472
14.3688
15.1842
14.9496
14.8332
14.8617
14.4512
14.6539
14.9219
14.6797
14.6738
14.4175
14.5754
14.6748
14.9746
14.6445
14.563
14.5586
14.5059
14.4194
14.3916
14.6688
14.5097
14.7572
14.3285
14.2037
15.0038
14.6215
14.4335
14.7566
14.4736
14.5726
14.5407
14.7761
14.7229
14.5887
14.7994
14.5726
14.5358
14.7068
14.52
14.6433
14.5849
14.837
14.5946
14.3064
14.8445
14.7606
14.5427
14.7013
14.9925
14.5692
14.8277
14.9756
14.5027
14.4839
14.677
14.4891
15.0341
14.9381
14.6122
14.282
14.9072
14.6307
14.6339
14.9766
14.6385
14.4909
14.7678
14.2681
14.2987
14.3795
14.5168
14.5908
14.4217
14.3635
14.6858
14.6051
14.8352
14.6947
14.6457
14.6075
14.6608
14.7209
14.3731
14.6979
14.6417
14.6734
14.6941
14.6604
14.4972
14.6449
14.6694
14.6215
14.9211
14.6593
14.7793
14.5041
14.5923
14.4652
14.5971
14.8599
14.5003
14.7124
14.8874
14.7587
15.0653
14.6101
14.8906
14.667
14.4117
14.7554
14.5136
14.3992
14.5129
14.7675
14.6304
14.7545
14.4019
14.6385
14.7909
14.7427
14.6011
14.4653
14.6271
14.6214
14.6878
14.4309
14.8167
14.7594
14.505
14.6914
14.4595
14.7402
14.7119
14.5948
14.558
14.5593
14.5916
14.6181
14.7586
15.1749
14.6031
14.6477
14.5441
14.9886
14.5093
14.4946
14.5733
14.8134
14.5499
14.3017
14.8497
14.778
14.9372
14.5888
14.4471
14.6899
14.4593
14.6992
14.7694
14.5883
14.4526
14.7049
14.6147
14.7915
14.4136
14.5665
14.4734
14.8926
14.8598
14.8316
14.566
14.683
14.5724
14.7657
14.758
14.6137
14.3762
14.8909
15.1154
14.4734
14.6248
14.6968
14.6254
14.8554
14.4643
14.6543
14.7042
14.4606
14.6847
14.2121
14.7221
14.6764
14.7808
14.8113
14.6414
14.6936
14.4933
14.4749
14.9998
14.2967
14.6811
14.6434
14.6403
14.5349
14.601
14.674
14.6964
14.6469
14.5763
14.5483
14.3458
14.8311
14.4124
14.6629
14.9472
14.564
14.7838
14.919
14.7738
14.8358
14.68
14.6233
14.453
14.7183
14.7257
14.7919
14.4863
14.9948
14.7918
14.6652
14.6727
14.5796
14.877
14.696
14.9773
14.8549
14.8576
14.9116
14.6343
14.5167
14.7805
14.817
14.5026
14.7375
14.8375
14.8687
14.4267
15.0604
14.9071
14.6469
14.4261
14.6607
15.063
14.6548
14.5162
15.1162
14.7883
14.6608
14.5553
14.6342
14.8117
14.6274
14.484
14.7342
14.1294
14.4439
14.5522
14.7161
14.4675
14.6935
14.6543
14.7272
14.4856
14.6443
14.7447
14.6083
14.8517
14.7451
14.651
14.8939
14.4189
14.649
14.8803
14.596
14.7271
14.5623
14.9271
14.6858
14.6928
14.6961
14.5764
14.8155
14.471
14.5666
14.6155
14.5831
14.3679
14.4576
14.2462
14.268
14.6632
14.6267
14.7495
14.9421
14.6852
14.7039
14.6609
14.7613
14.6023
14.4431
14.6799
14.8905
14.7987
14.6331
14.8918
14.5649
14.6289
14.7169
14.6993
14.871
14.6906
14.9134
14.8654
14.9639
14.4755
14.7794
14.6309
14.7439
14.5445
14.8902
14.5972
14.7209
14.628
14.7274
14.8471
14.4159
14.7067
14.5908
14.4582
14.7921
14.82
14.5892
14.7599
14.7194
14.6925
14.6051
14.4388
14.9635
14.7449
14.5907
14.513
14.7407
14.6703
14.5723
14.6185
14.5782
14.4608
14.6637
14.7025
14.6809
14.3353
14.7651
14.6478
14.6122
14.8096
14.5203
14.4503
14.439
14.5412
14.5347
14.9585
14.7253
14.3878
14.5908
15.0965
14.87
14.7281
14.9527
14.7366
14.9051
14.5251
14.7333
14.5848
14.6187
14.5213
14.7555
14.506
14.7874
14.3367
14.2419
14.5124
14.6919
14.6205
14.626
14.7261
14.4346
14.502
14.5676
14.4693
14.774
14.5746
14.8143
14.6695
14.8182
14.6916
14.7497
14.8717
14.7402
14.6056
14.8494
14.8513
14.333
14.6246
14.3603
14.6563
14.5501
14.8463
14.7019
14.4439
14.4857
14.6803
14.664
14.6352
14.7014
14.6187
14.7678
14.607
14.4794
14.7016
14.8621
14.7384
14.452
14.7195
14.595
14.5501
14.9237
14.6421
14.7906
14.6114
14.5796
14.8231
14.7679
14.5759
14.5098
14.4345
14.7692
14.3864
14.8147
14.9019
14.3702
14.5338
14.4197
14.686
14.4718
14.622
14.5931
14.637
14.7165
14.6428
14.53
14.6117
14.8345
14.8335
14.4349
14.7462
14.5191
14.6787
14.6758
14.629
14.5157
14.3554
14.91
14.6454
14.8651
14.4831
14.6219
14.6237
14.614
14.5721
14.6276
14.7071
14.889
14.596
14.6664
14.3267
14.8041
14.4258
14.6216
14.6525
14.6165
14.4545
14.5745
14.7962
14.6308
14.6
14.8618
14.8388
14.7723
14.5068
14.7855
14.6274
14.6103
14.6285
14.5794
14.6795
14.4421
14.7983
14.639
14.7386
14.4737
14.7708
14.6646
14.8045
14.6216
14.7994
14.6112
14.5539
14.4438
14.6155
14.7349
14.658
14.6533
14.6148
14.7145
14.7388
14.5284
14.5578
14.9012
14.6967
14.83
14.5702
14.732
14.7811
14.7696
14.458
14.6432
14.8408
14.4997
14.7962
14.785
14.4206
14.6704
14.4826
14.8961
14.6942
14.3433
14.6343
14.653
14.558
14.7511
14.543
14.5852
14.9454
14.6962
14.6013
14.774
13.9989
14.459
14.4984
14.795
14.3356
14.6084
14.5087
14.9922
14.8115
14.5914
14.4216
14.6327
14.6895
14.6511
14.5665
14.5118
14.3864
14.5097
14.6505
14.5411
14.5149
14.8092
14.455
14.7562
14.6173
14.5102
14.5805
14.5014
14.5687
14.562
14.501
14.5277
14.5462
14.3817
14.7477
14.6448
14.5225
14.6214
14.8375
14.5171
14.7687
14.8068
14.7424
14.8182
14.7833
14.7548
14.6733
14.6567
14.5998
14.5081
14.7419
14.5665
14.5891
14.4418
14.3796
14.8722
14.819
14.4102
14.7963
14.6205
14.3109
14.8312
14.3295
14.3462
14.5352
14.9319
14.6407
14.5069
14.6793
14.8542
14.5011
14.7108
14.7394
14.8485
14.447
14.7078
14.8397
14.8333
14.499
14.6155
14.5322
14.8826
14.6639
14.4885
14.6092
14.7186
14.6752
14.7973
14.5996
15.0149
14.4776
14.9283
14.8658
14.9648
14.8761
14.7884
14.6101
14.8898
14.6383
14.5565
14.807
14.7469
14.8373
14.8698
14.2316
14.7996
14.74
14.8649
14.9139
14.5381
14.9018
14.6514
14.8177
14.5885
14.9192
14.8135
14.5735
14.9325
14.6598
14.3606
14.3247
14.9132
14.5937
14.5868
14.628
14.8113
14.5662
14.9062
14.6728
14.8584
14.5364
14.82
14.3123
14.5397
14.7095
14.8737
14.5221
14.7231
14.4876
14.7271
14.8357
14.5421
14.5038
14.8665
14.9256
14.6494
14.8561
14.5573
14.4474
14.7283
14.6503
14.5442
14.5259
14.8189
14.5061
14.9058
14.5887
14.7068
14.5154
14.5881
14.5751
14.4918
14.5046
14.6808
14.6192
14.8168
14.5287
14.5655
14.7462
14.6484
14.8729
14.4933
14.5417
14.8745
14.814
15.0719
14.5973
14.529
14.6725
14.6741
14.5102
14.8679
14.6707
14.714
14.7726
14.7513
14.2545
14.3694
14.6149
14.474
14.7619
14.4322
14.7178
14.7707
14.8998
14.5913
14.8993
14.7201
14.548
14.6195
14.9114
14.4789
14.8559
14.747
14.3344
15.1323
14.6476
14.8143
14.7155
14.4632
14.9744
14.4542
14.6294
14.7631
14.7066
14.6183
14.6139
15.0803
14.5885
14.6777
14.4034
14.5487
14.8731
14.8233
14.9335
14.5823
14.6786
15.0052
14.8891
14.4663
14.4794
14.6551
14.6915
14.6814
14.7416
14.8268
14.5754
14.7984
14.8006
14.9436
14.6172
14.3203
14.4291
14.9107
14.9253
14.7267
14.2979
14.4948
14.7857
14.6312
14.9986
14.6174
14.6195
14.3923
14.6334
14.6113
14.5645
14.297
14.5102
14.5283
14.5318
14.6787
14.7488
14.75
14.516
14.683
14.6262
14.7092
14.7093
14.7282
14.5699
14.6917
14.5172
14.8701
14.6435
14.9088
14.4785
14.5667
14.2836
14.8731
14.7066
14.7475
14.6048
14.8859
14.6135
14.649
14.4352
14.7495
14.8232
14.9194
14.4177
14.4427
14.7318
14.6248
14.6517
14.5881
14.9465
14.666
14.3306
14.761
14.5531
14.7907
14.5439
14.6758
14.7822
14.8863
14.3407
14.5477
14.6681
14.6191
14.9294
14.9166
14.7256
14.4287
14.7913
14.6167
14.7346
14.7031
14.5394
14.66
14.7016
14.6304
14.7315
14.8061
14.8691
14.7671
14.5021
14.7606
14.3976
14.8506
14.7816
14.4013
14.7532
14.9718
14.8007
14.4214
14.8454
14.4633
14.9857
14.8543
14.8063
14.4185
14.8026
14.7228
14.5794
15.0197
14.6162
14.7368
14.4969
14.667
14.5854
14.5114
14.5376
14.51
14.7681
14.4611
14.8041
14.7535
14.8691
14.5094
14.7388
14.4562
14.541
14.7493
14.4107
14.6308
14.6663
14.7963
14.5806
14.5734
14.4224
14.7642
14.5053
14.7831
14.8255
14.9093
14.7582
14.6908
14.4408
15.0293
14.6785
14.5371
14.8217
14.7754
14.7913
14.5433
14.8081
14.5488
14.7529
14.5292
14.7312
14.6428
14.9523
14.5619
14.7223
15.2272
14.4495
14.6664
14.3597
14.5062
14.5956
14.7768
14.5787
14.6738
14.5461
14.7
14.6965
14.6052
14.4392
14.7857
14.6849
14.82
15.0383
14.7385
14.3082
14.6496
14.7245
14.5521
14.7923
14.7774
15.0598
14.6659
14.3357
14.8397
14.777
14.6998
14.595
14.4062
14.5487
14.7404
14.7988
14.8066
14.8023
14.4543
14.3307
14.7348
14.3889
14.9682
14.847
14.5498
14.989
14.7441
14.6427
14.6088
14.3735
14.7976
14.7104
14.7749
14.5442
14.5559
14.675
14.7478
14.4462
14.6763
14.6256
14.5077
14.6464
14.6495
14.5842
14.5996
14.467
14.7492
14.7231
14.849
14.5994
14.5198
14.677
14.7836
14.6082
14.5602
14.4684
14.7037
14.5652
14.7649
14.9535
14.5222
14.792
14.6222
14.32
14.5429
14.6216
14.3756
14.7968
14.6713
14.6149
14.4091
14.7898
14.794
14.691
14.5701
14.9281
14.6884
14.4551
14.6672
14.8897
14.3622
14.7524
14.9101
14.6572
14.297
14.5055
14.7616
14.751
14.802
14.4997
14.6955
14.6116
14.6804
14.8135
14.6723
14.5553
14.6251
14.7691
14.6437
14.5583
14.5549
14.6499
14.7434
14.6122
14.6346
14.5833
14.9391
14.7178
14.346
14.3712
14.4158
14.6529
14.531
14.6238
14.2751
14.7231
14.7975
14.5432
14.6634
14.6115
14.6302
14.5592
14.571
14.7348
14.9001
14.5294
14.9761
14.5384
14.6325
14.6896
14.5679
14.4126
14.3714
14.7615
14.5619
14.5585
14.7734
14.9496
14.7741
14.5059
14.7685
14.7506
14.954
14.2768
14.6811
14.6904
14.6158
14.6076
14.5716
14.5029
14.6576
14.5586
14.5178
14.805
14.6397
14.5815
14.4162
14.5193
14.4531
14.9244
14.8246
14.7419
14.4748
14.4926
14.6823
14.7388
14.8279
14.7359
14.6822
14.4979
14.7764
14.8374
14.4598
14.6447
14.6859
14.3457
14.6862
14.6496
14.7315
14.8192
14.519
14.749
14.4676
14.8718
14.4266
14.9091
14.5873
14.7131
14.659
14.7516
14.6894
14.5975
14.5681
14.6191
14.8732
14.5958
15.0063
14.6258
14.5362
14.9593
15.1102
14.5519
14.4892
14.8945
14.3469
14.5501
14.4652
14.5074
14.7312
14.6658
14.705
14.7597
14.6088
14.5498
14.8226
14.4471
14.6429
14.5712
14.6564
14.813
14.6961
14.3435
14.5292
14.4428
14.3826
14.6946
14.8461
14.8467
14.6337
14.5644
14.4693
15.0438
15.0985
14.7983
14.6843
14.6961
14.7408
14.9254
14.5919
14.5537
14.9595
14.6068
14.8674
14.6751
14.3638
14.567
14.4113
14.9286
14.4893
14.7847
14.7341
14.5102
14.5523
14.5397
14.6766
14.7334
14.4354
14.8459
14.7412
14.9475
14.7511
14.7512
14.7436
14.7346
14.559
14.477
14.8721
14.7337
14.3839
14.7264
14.8948
14.8207
14.4623
14.8194
14.3539
14.4447
14.7361
14.8066
14.634
14.668
14.4971
14.3268
14.7392
14.4871
14.9432
14.7045
14.8872
14.4916
14.5712
14.8344
14.5379
14.5856
14.3223
14.648
14.6567
14.6595
14.7085
14.7476
14.3603
14.6939
14.7274
14.503
14.995
14.5545
14.5445
14.8943
14.6311
14.7546
14.4022
14.7957
14.6428
14.7784
14.7578
14.5982
14.9432
14.7728
14.2952
14.5143
14.6716
14.7492
14.2379
14.6721
14.6055
14.8658
14.7006
14.4333
14.6742
14.7299
14.6201
14.4133
14.4564
14.6044
14.4215
14.6846
14.6922
14.4164
14.4958
14.7448
14.5615
14.4654
14.3949
14.5347
14.6565
14.5288
14.5069
14.5901
14.511
14.8006
14.2273
14.9736
14.8388
14.6518
14.714
14.6701
14.5889
14.6183
14.6823
14.3751
14.8447
14.5694
14.5199
14.3965
14.5835
14.6132
14.466
14.6989
14.9391
14.9442
14.4082
14.6186
14.7415
14.5197
14.7938
14.6612
14.8659
14.2679
14.2295
14.8042
14.7065
14.7607
14.5777
14.8554
14.6118
14.716
14.7332
14.961
14.4968
14.7275
14.8403
15.0349
14.5341
14.7176
14.8912
14.8722
14.6013
14.6187
14.3466
14.4669
14.4748
14.7002
14.6817
14.7763
14.6845
14.8477
14.7905
14.6548
14.6983
14.4279
14.5946
14.7773
15.019
14.6857
14.907
14.851
14.5589
14.4954
14.6868
14.4216
14.8322
14.6754
14.8068
14.9788
14.6291
14.4988
14.7053
14.8728
14.7483
14.3943
14.4421
14.8428
14.5328
14.546
14.3342
14.5322
14.8801
14.7052
14.7787
14.4638
14.4995
14.8717
14.7906
14.4628
14.592
14.584
14.8012
14.647
14.8332
14.8883
14.5868
14.4991
14.7264
14.5938
14.8308
14.9217
14.6133
14.3332
14.7753
14.5909
14.8324
14.6542
14.5564
14.556
14.7119
14.7568
14.8999
14.562
14.6319
14.4002
14.2667
14.6837
14.4621
14.7749
14.8241
14.2878
14.6304
14.6952
14.4944
14.5334
14.487
14.913
14.722
14.8605
14.5516
14.1802
14.4841
14.9172
14.4827
14.4068
14.4249
14.7597
14.4128
14.6689
14.6583
14.9037
14.7154
14.9168
14.7676
14.4835
14.0947
14.3138
14.7395
14.7694
14.7009
14.983
14.6505
14.6671
14.7861
14.6781
14.6254
14.6847
14.5633
14.401
14.5509
14.664
14.4226
14.4887
14.8644
14.5802
14.6341
14.8405
14.4797
14.4623
14.6256
14.6329
14.7944
14.7226
14.4832
14.7144
14.9751
14.9784
14.6883
14.8121
14.3829
14.9431
14.5724
14.5487
14.7429
14.7011
14.7169
14.5976
14.735
14.638
14.6064
14.8161
14.7161
14.5761
14.4272
14.3968
14.6008
14.9185
14.7105
14.8899
14.9092
14.8
14.7926
14.6949
14.3964
14.5377
14.5861
14.5652
14.707
14.6033
14.7766
14.8475
14.6437
14.4756
14.4862
14.582
14.6571
14.7784
14.8576
14.7824
15.0436
14.8245
14.533
14.8384
14.4547
14.6865
14.7585
14.7294
14.3833
14.9565
14.7921
14.549
14.7116
14.8299
14.5052
14.7896
14.7154
14.5883
14.5604
14.7235
14.6294
14.7274
14.9498
14.8113
14.6597
14.7977
14.9239
14.4464
14.6704
14.8306
14.451
14.4782
14.6286
14.9143
14.5396
14.4268
14.64
14.5502
14.4543
14.5783
14.6459
14.6096
14.5448
14.7937
14.5506
14.6318
14.7592
14.7037
14.86
14.8897
14.9058
14.574
14.5584
14.7503
14.5078
14.6662
14.5457
14.6169
14.7074
14.7918
14.5563
14.5131
14.5657
14.6051
14.4761
14.8556
14.6657
14.7045
14.6117
14.4581
14.8971
14.6865
14.8946
14.5694
14.8002
14.7054
14.6672
14.498
14.7334
14.7681
14.7615
15.023
14.2708
14.6432
14.582
14.6435
14.574
14.5427
14.6401
14.8044
14.6011
14.5547
14.6482
14.7
14.57
14.8336
14.4785
14.9186
14.4062
14.7883
14.6431
14.7706
14.631
14.6932
14.7074
14.5881
14.5851
14.8169
14.8913
14.6682
14.5818
14.6934
14.6346
14.5836
14.8195
14.713
14.6864
14.8653
14.7185
14.9265
14.6757
14.9286
14.6634
14.6079
14.536
14.5578
14.8557
14.5342
14.5868
14.6683
14.6231
14.9132
14.4328
14.7766
14.5592
14.8085
14.7907
14.4928
14.3085
14.5512
14.8696
14.5829
14.5414
14.5453
14.6743
14.9752
14.6892
14.9816
14.7262
14.8552
14.8401
14.7798
14.5818
14.5914
14.3666
14.4834
14.7715
14.7028
14.6434
14.667
14.5542
14.8299
14.693
14.0508
14.2854
14.8473
14.6518
14.6841
14.6378
14.6203
14.8125
14.4581
14.4737
14.4204
14.6151
14.7927
14.555
14.6872
14.8916
14.9663
14.5223
14.8643
14.5459
14.5596
14.5281
14.6767
14.751
14.7453
14.6626
14.9194
14.4547
14.7909
14.813
14.4604
14.6728
14.7314
14.7793
14.9542
14.7339
14.5155
14.4024
14.7392
15.0409
14.3224
14.4456
14.5845
14.9521
14.3771
14.5377
14.6987
14.9011
14.6427
14.4149
14.5918
14.7735
14.7222
14.842
14.5124
14.6731
14.7884
14.4943
14.6309
14.5692
14.5884
14.6676
14.6477
14.7941
14.4402
14.9047
14.7264
14.8032
14.7217
14.9789
14.7903
15.0832
14.731
14.5738
14.5116
14.4262
14.3558
15.0012
14.7565
15.0128
14.696
14.4588
14.8282
15.0239
14.6454
14.7524
14.7903
14.7928
14.5103
14.644
14.6499
14.2162
14.526
14.7786
14.9814
14.5537
14.6648
14.4707
14.894
14.8492
14.5241
14.5601
14.4466
14.5691
14.6605
14.5984
14.7368
14.6566
14.5767
14.5967
14.451
14.5433
14.4423
14.7502
14.7801
14.8304
14.7243
15.1048
14.7306
14.633
14.8259
14.813
14.8573
14.6677
14.5482
14.6308
14.8646
14.6549
14.7189
14.4179
14.8077
14.5129
14.7116
14.5499
14.6597
14.9405
14.5091
14.8597
14.6191
14.5933
14.6296
14.4632
14.6021
14.8283
14.9246
14.9523
14.6332
14.624
14.6124
14.4614
14.5716
14.9404
14.5098
14.5736
14.8382
14.7646
14.8305
14.4984
14.4902
14.5965
14.5524
14.6502
14.5487
14.9731
14.598
14.7842
14.6052
14.5926
14.7234
14.5898
14.5644
14.6875
14.5064
14.5181
14.5526
14.43
14.5947
14.7166
14.7088
14.4479
14.5641
14.4367
14.806
14.8549
14.5524
14.6907
14.7211
14.6354
14.4124
14.826
14.8441
14.5423
14.5093
14.9639
14.5823
14.7165
14.3426
14.6754
14.7604
14.6906
14.4016
14.9082
14.7408
14.8602
14.7527
14.7954
14.7197
14.7527
14.4267
14.7395
14.7207
14.4627
14.5528
14.4133
14.4238
14.7394
14.6643
14.5693
14.6022
14.9705
14.6292
14.7136
14.6251
14.9748
14.7058
14.4947
15.0154
14.5572
14.8759
14.7432
14.8208
14.5371
14.8595
14.6638
14.61
14.8053
14.6565
14.6303
14.7197
14.6062
14.7288
14.6583
14.614
14.4364
15.0104
14.7926
14.635
14.3436
14.6858
14.5666
14.86
14.5676
14.7372
14.2273
15.0456
14.6323
14.5618
14.4993
14.6395
14.789
14.645
15.0467
14.8735
14.7709
14.7339
14.64
14.6392
14.8026
14.543
14.6739
14.6389
14.6825
14.4617
14.3533
14.652
14.5714
14.2681
14.7253
14.8903
14.3554
14.6231
14.5014
14.3953
14.8317
14.5818
14.8752
14.8473
14.6876
14.8392
14.6129
14.6872
14.7821
14.498
14.8901
14.6559
14.6678
14.5394
14.8488
14.4994
14.5642
14.7326
14.476
14.6515
14.4374
14.9421
14.4593
14.6985
14.3538
14.7997
14.7088
14.8475
14.8346
14.8955
14.6902
14.8665
14.6423
14.8208
14.9538
14.4581
14.5817
15.0003
14.9706
14.7292
14.8796
14.6939
14.7726
14.8755
14.3793
14.7204
14.7808
14.6423
14.6237
14.8621
14.7358
14.7187
14.5848
14.7402
14.5966
14.6476
14.2678
14.4728
14.6547
14.4514
14.404
14.5245
14.7355
14.836
14.7538
14.6257
14.8636
14.5692
14.6347
14.8145
14.3968
14.9348
14.5664
14.5663
14.7486
14.718
14.8511
14.8739
14.7092
15.1071
14.6076
14.7407
14.86
14.2689
14.4405
14.7363
14.8402
14.6401
14.6722
14.632
14.6528
14.6116
14.6657
14.8554
14.8398
15.0427
14.6836
14.6053
14.6263
14.6268
14.555
14.6351
14.929
14.6193
14.7093
14.8223
14.422
14.5471
14.4607
14.7051
14.5496
15.1267
14.2846
14.8002
14.6733
14.8284
14.7393
14.7185
14.2538
14.6236
14.5936
14.5175
14.7537
14.5863
14.5904
14.6699
14.8593
14.6265
14.2033
14.8635
14.8969
14.708
14.6908
14.7308
14.5654
14.5163
14.7982
14.2358
14.4713
14.9898
14.6949
14.8503
14.4993
14.5235
14.4448
14.9054
14.8963
14.6292
14.4023
14.7835
14.4614
14.4264
14.6725
14.8216
14.524
14.9495
14.8069
14.662
14.9337
14.5515
14.3243
14.5592
14.5486
14.8186
14.6067
14.1454
14.5099
14.7543
14.6775
14.3344
14.8081
14.7077
14.8153
14.6608
14.762
14.8886
14.7183
14.7201
14.6409
14.8218
14.6451
14.4998
14.68
14.7826
14.7674
14.4568
14.5402
14.4708
15.0504
14.5055
14.6915
14.8783
15.0097
14.7519
14.8011
14.6101
14.5855
14.623
14.7705
14.7328
15.0536
14.7882
14.8951
14.8121
14.6187
14.7132
14.4248
14.5589
14.6834
14.4426
14.6947
14.665
14.4941
14.8367
14.7086
14.3819
14.6182
14.8267
14.5465
14.7357
14.7992
14.4809
14.8112
14.5249
14.792
14.5781
14.756
14.7111
14.7442
14.6914
14.8093
14.6437
14.8704
14.6157
14.6673
14.7137
14.5974
14.7931
14.6238
14.6157
14.7185
14.3861
14.6997
14.5504
14.5752
14.9156
14.5394
14.8298
14.7835
14.8658
14.8347
14.6036
14.7107
14.6142
14.8807
14.6274
14.8396
14.8063
14.4526
14.7775
14.3579
14.2588
14.5844
14.2368
14.4651
14.6231
14.8194
14.7469
14.6365
14.95
14.6747
14.8443
14.7461
14.825
14.8278
14.788
14.5072
14.7358
14.9112
14.791
14.5723
14.4949
14.6281
14.4241
14.6967
14.6344
14.621
14.8592
14.8416
14.8287
14.8038
14.7126
14.6856
14.8242
14.5783
14.6044
15.0947
14.8956
14.6108
14.2798
14.6458
14.7009
14.8252
14.376
14.7287
14.5869
14.5598
14.5554
15.0186
14.825
14.4945
14.4086
14.619
14.4859
14.7981
14.542
14.5907
15.03
14.8441
14.7253
14.6488
14.6892
14.3941
14.5834
14.583
14.6969
14.6062
14.3657
14.5432
14.6879
14.8456
14.6008
14.8137
14.5095
14.3966
14.5318
15.0148
14.8442
14.6743
14.2921
14.6131
14.7664
14.6093
14.6668
14.3774
14.738
14.724
14.5175
14.6283
14.8395
14.8513
14.6701
14.6868
14.7303
14.7691
14.812
14.6326
14.8101
14.6686
14.745
14.6663
14.6883
14.4019
14.3111
14.6352
14.7856
14.3856
14.5893
14.7022
14.6414
14.7693
14.5205
14.7519
14.4321
14.5632
14.6339
14.8705
14.7696
14.5619
14.5931
14.6614
14.7212
14.8997
14.9712
14.6888
14.5493
14.5538
14.6081
14.7318
14.7072
14.7905
14.6102
14.5976
14.4212
14.6701
14.8041
14.6292
14.5533
14.4822
14.6634
14.4365
14.3969
14.6259
14.8411
14.7673
14.5693
14.4475
14.7654
14.699
14.54
14.723
14.5502
14.5582
14.6541
14.6868
14.8618
14.436
14.5426
14.5484
14.6737
14.6081
14.6551
14.368
14.5794
14.5006
14.3095
14.5739
14.8219
14.6413
14.6059
14.6303
14.5539
14.7715
14.5472
14.3998
14.8043
14.6892
14.7881
14.8626
14.6577
14.3895
14.8779
14.4922
14.571
14.4839
14.7568
14.8893
15.132
14.8557
14.845
14.6152
14.3081
14.6913
14.4839
14.6382
14.5282
14.8552
14.7311
14.8427
14.9291
14.4957
14.6433
15.0283
14.624
14.7425
14.7242
14.3475
14.7568
14.7034
14.4743
14.6576
14.6524
14.8227
14.4034
14.443
14.6559
14.5833
14.6345
14.7481
14.7047
14.5948
14.8258
14.815
14.6478
14.6775
14.8609
14.7744
14.6148
14.867
14.5584
14.6721
14.5868
14.565
14.699
14.7645
14.3647
14.8283
14.7682
14.3057
14.5884
14.6855
14.642
14.5496
14.6101
14.953
15.0152
14.6992
14.9535
14.561
14.4351
14.4457
14.449
14.6751
14.5911
14.4392
14.7422
14.8574
14.8222
14.8754
14.8341
14.564
14.8355
14.5062
14.5731
14.8693
14.6364
14.4824
14.893
14.609
14.9424
14.8643
14.8906
14.6459
14.5323
14.6034
14.5976
14.8244
14.654
14.6789
14.7535
14.5376
14.5336
14.7585
14.5655
14.8737
14.7811
14.6278
14.778
14.6981
14.9377
14.4692
14.6299
14.7144
14.689
14.6333
14.8079
14.4285
14.9042
14.8573
14.3364
14.7638
14.8047
14.5755
14.6986
14.8136
14.3831
14.7623
14.4466
14.7892
14.7578
14.5308
14.5562
14.5714
14.3065
14.9214
14.747
14.7633
14.534
14.8085
14.6703
14.593
14.6748
14.494
14.7912
14.7947
14.655
14.8936
14.6727
14.3929
14.7348
14.7207
14.9231
14.9344
15.0203
14.4871
14.2979
14.532
14.7858
14.4947
14.7219
14.3097
15.081
14.5918
14.7955
14.5278
14.8259
14.5694
14.5967
14.6531
14.717
14.9207
14.5138
14.5154
14.6848
15.0091
14.8539
14.8388
14.6797
14.2863
14.7587
14.8627
14.7242
14.5914
14.7355
14.5381
14.9485
14.3867
14.6561
14.5393
14.5154
14.6173
14.8202
14.4911
15.018
14.7405
14.835
14.4861
14.616
14.609
14.5481
14.6659
14.7748
14.4957
14.8257
14.7384
14.7925
14.5834
14.4889
14.3882
14.8778
14.7432
14.3368
14.5397
14.9163
14.4235
14.546
14.847
14.4968
14.4687
14.5527
14.6799
14.5787
14.7995
14.7725
14.7663
14.6779
14.8343
14.6009
14.5909
14.8557
14.6726
14.3161
14.6783
14.7432
14.8398
14.7549
14.7658
14.7369
14.8922
14.7923
14.8206
14.5184
14.9014
14.5106
14.7777
14.9172
14.7288
14.8057
14.4241
14.7388
14.816
14.3875
14.7258
14.7645
14.5169
14.7212
14.8885
14.8328
14.5657
14.7733
14.4285
14.796
14.4407
14.7984
14.8369
14.5802
14.5725
14.6199
14.5925
14.7754
14.7095
14.3489
14.7712
14.7547
14.5935
14.7452
14.7245
14.8708
14.8655
14.6769
14.6329
14.87
14.5613
14.5861
14.6688
14.6588
14.5978
14.5605
14.3999
14.4217
14.4798
14.7977
14.6699
14.442
14.3765
14.402
14.868
14.5458
14.2197
14.4869
14.7896
14.553
15.1582
14.422
14.6959
14.5708
14.0839
14.4695
14.5073
14.7307
14.535
14.6372
14.626
14.6574
14.8045
14.6009
14.7556
14.7507
14.6122
14.6344
14.7271
14.7096
14.9527
14.9871
14.3732
14.6036
14.7408
14.7575
14.6265
14.5544
14.6136
14.6208
14.6486
14.6065
14.9192
14.3458
14.4501
14.604
14.5508
14.6082
14.5731
14.8313
14.5662
14.7577
14.6422
14.7322
14.7398
14.7413
14.4622
14.8118
14.4183
14.6747
14.7105
14.6176
14.5566
15.151
14.7423
14.6604
14.5156
14.5964
14.749
14.8542
14.5718
14.9222
14.8346
14.5639
14.5557
14.9171
14.7469
14.5099
14.4025
14.8678
14.4115
14.7967
14.603
14.506
14.4706
14.8939
14.6796
14.6587
14.7875
14.6289
14.6077
14.6104
14.7073
14.8375
14.5052
14.5577
14.8386
14.5507
14.8697
14.8521
14.1872
14.6705
14.8128
14.4876
14.7853
14.4693
14.8163
14.6311
14.7001
14.7167
14.7349
14.8978
14.6404
14.4155
14.6581
14.4785
14.6599
14.9129
14.7381
14.904
14.9699
14.7064
14.4436
14.7497
14.6556
14.4309
14.4825
14.9605
14.8083
14.5213
14.4887
14.4929
14.7657
14.6001
14.7791
14.7349
14.6907
14.7984
14.479
14.5363
14.4976
14.4717
14.5076
14.8461
14.9301
14.4093
14.4722
14.5261
14.4975
14.7766
14.7807
14.7109
14.9298
14.4445
14.7843
14.3513
14.6494
14.9427
14.5056
14.4636
14.6995
14.838
14.6239
14.2604
14.7714
14.708
14.5638
14.804
14.4846
14.7159
14.3693
14.8101
14.8909
14.5979
14.6134
14.58
14.6302
14.6447
14.5838
14.7578
14.7108
14.9596
14.7369
14.5926
14.6506
14.5082
14.6713
14.8216
14.4663
14.858
14.773
14.8974
14.4769
14.5823
14.7574
14.8524
14.8977
14.7561
14.5682
14.7628
14.5172
14.7376
14.7272
14.786
14.3803
14.6424
14.936
14.8628
14.614
14.5232
14.413
14.7229
14.5819
14.7615
14.9832
14.8605
14.7791
14.8172
14.6128
14.349
14.7859
14.7402
14.7107
14.489
14.8416
14.7502
14.916
14.5541
14.5124
14.9249
14.7352
14.5388
14.9004
14.414
14.5753
14.7058
14.8877
14.6253
14.8432
14.639
14.5911
14.9854
15.0807
14.2521
14.3589
14.5966
14.7829
14.6614
14.2971
14.5305
14.4494
14.8432
14.7057
14.7108
14.6422
14.5588
14.7314
14.5593
15.0024
14.8513
14.6753
14.9635
14.6352
14.4723
14.5938
14.7013
14.6003
14.489
14.9164
14.6517
14.555
14.5997
14.7061
14.6958
14.8331
14.4908
14.7969
14.4886
14.6815
14.5296
14.7391
14.7548
14.7014
14.7697
14.6593
14.6198
14.838
14.8708
14.725
14.4711
14.763
14.4979
14.4521
14.9013
14.475
15.0941
14.5802
14.6719
14.5875
14.5374
14.8434
14.7478
14.9223
14.8075
14.2762
14.7143
14.7176
14.7653
14.6438
14.7314
14.6776
14.7279
14.7791
14.4031
14.3458
14.697
14.7448
14.6799
14.574
14.7294
14.6291
14.6621
14.8293
14.3796
14.5353
14.4998
14.7578
14.6922
14.9621
14.7087
14.9367
14.5535
14.587
14.3957
14.6009
14.4305
14.6015
14.8248
14.836
14.5585
14.9826
14.4937
14.5522
14.5951
14.7341
14.6421
14.3873
14.701
14.5485
14.4005
14.6511
14.9221
14.558
14.8323
14.6864
14.6858
14.6715
14.559
14.7781
14.7153
14.8761
14.6605
14.4669
14.5339
14.8886
14.7829
15.0166
14.6457
14.6971
14.7891
14.7502
14.5862
14.6961
14.9236
14.563
14.6703
15.1402
14.8791
14.7429
14.6545
14.988
14.5295
14.5727
14.4747
14.4064
14.8011
14.729
14.7972
14.4985
14.6323
14.7526
14.6189
14.6738
14.3737
14.7411
14.4474
14.4816
14.8209
14.5704
14.879
14.5439
14.6795
14.6047
14.8662
14.5819
14.7099
14.5813
14.7326
14.3949
14.4733
14.8004
14.7125
14.9398
14.5791
14.7287
14.8664
14.7358
14.6975
14.5931
14.4399
14.5422
14.4474
14.6779
14.546
14.543
14.7421
14.563
14.7989
14.54
14.5264
14.6552
14.471
14.3525
14.5524
14.8528
14.8604
14.6428
14.9066
14.8414
14.9597
14.768
14.7639
14.6374
14.7424
14.4707
14.5863
14.5791
14.5207
14.8066
14.5935
14.8422
14.7195
14.5095
14.4576
14.3265
14.6964
14.9419
14.6729
14.6472
14.7306
14.902
14.8025
14.6987
14.7339
15.0209
14.5252
14.4922
14.7506
14.587
14.6544
14.7705
14.7374
14.6077
14.8053
14.7029
14.4843
14.6574
14.5232
14.4159
14.9957
14.5912
14.5191
14.3813
14.4921
14.5567
14.3571
14.7558
14.8115
14.9657
14.6727
14.7476
14.8667
14.5874
14.6697
14.8487
14.6204
14.6583
14.319
14.2668
14.8714
14.5383
14.5766
14.9518
14.9657
14.3445
14.7074
14.7657
14.8478
14.5351
14.4288
14.6175
14.5896
14.4398
14.6655
14.795
14.6248
14.7264
14.7308
14.8836
14.665
14.7448
14.7484
14.712
14.8432
14.6319
14.7584
14.7274
14.6945
14.6188
14.6507
14.1551
14.9615
14.6795
14.7345
14.8482
14.532
14.4484
14.5482
14.7597
14.2735
14.6855
14.6411
14.5503
14.5539
14.4489
14.7073
14.6417
14.6149
14.5461
14.7368
14.6126
14.5102
14.2582
14.7994
14.7563
14.594
14.6307
14.9296
14.6134
14.8361
14.8836
14.6797
14.56
14.8063
14.7662
14.7325
14.6152
14.6854
14.6838
14.6135
14.3884
14.6131
14.494
14.6989
14.5846
14.5699
14.5938
14.8192
14.57
14.9954
14.7107
14.5516
14.8155
14.5215
14.693
14.6131
14.8342
14.6334
14.2889
14.7954
14.6649
14.7377
14.7774
14.6741
14.3376
14.786
14.6504
15.0634
14.7983
14.6025
14.4592
14.7062
14.8372
14.8215
14.5189
14.5986
14.7959
14.8004
14.7048
14.79
14.5357
14.8126
14.487
14.6818
15.0063
14.818
14.6509
14.6386
15.039
14.6419
14.8245
14.3488
14.3781
14.4457
14.5978
14.6969
14.9344
14.7595
14.679
14.411
14.4692
14.7002
14.6694
14.5007
14.4767
14.6506
14.9503
14.5759
14.5678
14.2554
14.3344
14.7908
14.9432
14.4055
14.7482
14.9368
14.5815
14.7746
14.7022
14.7168
14.7919
15.037
14.8017
14.5049
14.42
14.5191
14.7858
14.7489
14.5206
14.9108
14.3858
14.6287
15.0611
14.7632
14.7095
14.6354
14.6623
14.7069
14.5931
14.8229
14.9593
14.5049
14.7813
14.4728
14.7232
14.6851
14.6834
14.6254
14.5807
14.5864
14.6337
14.6418
14.829
14.6083
14.6581
14.6509
14.6401
14.8381
14.3142
14.7216
14.6012
14.6794
14.9188
14.7631
14.6995
14.572
14.4942
14.6029
14.4629
14.6389
14.2081
14.6902
14.772
14.4904
14.4251
14.8598
14.4727
14.6494
14.7185
14.711
14.7159
14.3954
14.6789
14.4911
14.6708
14.5371
14.7131
14.9467
14.568
14.5476
14.4629
14.8197
14.8634
14.7231
14.3346
14.7474
14.9241
14.3944
14.6681
14.7052
14.6262
14.9491
14.8235
14.8885
14.8269
14.7692
14.8685
14.6259
14.6864
14.7605
14.6915
14.7677
14.6354
14.6412
14.3325
14.822
14.5074
14.5943
14.7387
14.6702
14.4701
14.5898
14.508
14.5309
14.5101
14.5437
14.9386
14.5561
14.6318
14.828
14.8437
14.6271
14.5959
14.7411
14.8158
14.441
14.329
14.7596
14.9019
14.7568
14.5327
14.5708
14.7062
14.3345
14.7113
14.6514
14.224
14.7503
14.5421
14.5102
15.0198
14.6096
14.5466
14.5406
14.7931
14.5684
14.6486
14.7027
14.7742
14.5392
14.524
14.9799
14.7947
14.6873
14.7425
14.6453
14.9159
14.8355
14.7743
14.7877
14.4337
14.6291
14.9196
14.8475
14.6378
14.859
14.471
14.6782
14.8681
14.7328
14.696
14.5745
14.338
14.7085
14.6629
14.5224
14.7851
14.642
14.6313
15.0787
14.7401
14.8432
14.7399
14.6492
14.5387
14.6379
14.4409
14.7786
14.5229
14.9478
14.5413
14.3931
14.8649
14.7741
14.8061
14.7083
14.6451
14.3553
14.6353
14.5065
14.6878
14.8761
14.6719
14.3951
14.4223
14.6285
14.4651
14.6695
14.3982
14.4758
14.5525
14.4539
14.6308
14.5879
14.5977
14.9682
14.8295
14.3739
14.7134
14.6865
14.8525
14.3928
14.7114
14.66
14.6701
14.8179
14.737
14.9251
14.876
14.5784
14.9314
14.5113
14.6788
15.01
14.802
14.8528
14.6457
14.5606
14.8357
14.6614
14.5848
14.6379
14.3648
14.326
14.5196
14.9081
14.4279
14.4441
14.2891
14.5765
14.5684
14.5786
15.0843
14.2377
14.5234
14.887
15.0485
14.4519
14.4093
14.6054
14.6119
14.7637
14.816
14.8744
14.8385
14.7136
14.8879
14.5092
14.7447
14.7538
15.0977
14.6139
14.6947
14.4916
14.3566
14.5781
14.7766
14.6009
14.4145
14.7284
14.7263
14.3345
14.6409
14.7209
14.4172
14.6563
14.529
14.3939
14.6657
15.0268
14.6591
14.5691
14.4849
14.542
14.5183
14.7524
14.7689
14.4352
14.7362
14.3142
14.1504
14.8425
14.6363
14.5534
14.7317
14.8232
15.0864
14.3071
14.5871
14.693
14.6807
14.9901
14.4871
14.6717
14.9273
14.6595
14.8203
14.903
14.8758
14.49
14.7771
14.7565
14.5031
14.9511
14.5689
14.3402
14.6077
14.6418
14.6245
14.6133
14.6738
14.7188
14.4223
14.3043
14.5924
14.5777
14.7335
14.4334
14.5639
14.779
14.4435
14.7057
14.7136
14.7179
14.7071
14.571
14.7119
14.38
14.9787
14.7397
14.4105
14.8079
14.6013
14.8491
14.5335
14.9712
14.744
14.5011
14.8483
14.793
14.7405
14.4737
14.411
15.0292
14.334
14.5785
14.3462
14.7149
14.624
14.5506
14.6076
14.7152
14.8345
14.7032
14.6494
14.7983
14.4322
14.6141
14.6545
14.7556
14.6747
14.9068
14.6402
14.9358
14.738
14.383
14.597
15.1129
14.6068
14.4071
14.7161
14.1269
14.5814
14.6464
14.7037
14.6366
14.7783
14.9917
14.5121
14.5225
14.6121
14.7051
14.6463
14.1255
14.1837
14.3675
14.4402
14.6722
14.68
14.5992
14.5379
14.2354
14.5062
14.7812
14.8907
14.7089
14.4335
14.6008
14.9156
14.6025
14.7126
14.8568
14.5357
14.276
14.7226
14.432
14.8788
14.6655
14.7119
15.0279
14.8041
14.7832
14.7205
14.5068
14.5203
14.4935
14.8373
14.5833
14.957
14.805
14.7315
14.9291
14.579
14.6559
14.6226
14.7625
15.0353
14.7661
14.7449
14.6761
14.5874
14.5675
14.7729
14.8636
14.8127
14.964
14.314
14.6104
14.8877
14.7293
14.7053
14.5768
14.6616
14.825
14.3937
14.8248
14.786
14.5388
14.5324
14.8998
14.5915
14.7421
14.764
14.6592
14.4172
14.3431
14.6955
14.7701
14.7565
14.7335
14.8088
14.4184
14.6905
14.5019
14.6549
14.7511
14.6222
14.7102
14.4895
14.1572
14.4046
14.5198
14.7616
14.6909
14.5169
14.6195
14.7973
14.9286
14.8682
14.8414
14.8983
14.8411
14.735
14.5799
14.6386
14.8677
14.7314
14.6882
14.3267
14.7876
14.7388
14.6407
14.7944
14.5243
14.4998
14.43
14.7733
14.5708
14.7342
14.4015
14.6821
14.6105
14.9497
14.5962
14.6872
14.6099
14.5219
14.5702
14.7269
14.5034
15.0505
14.6249
14.6613
14.6078
14.8208
14.3393
14.6652
15.0338
14.7886
14.2266
14.7545
14.6684
14.5531
14.85
14.6466
14.9377
14.8306
14.9311
14.7057
14.5001
14.6387
14.6628
14.9055
14.5069
14.9402
14.5748
14.652
14.7275
14.2475
15.0212
14.3313
14.9968
14.9046
14.5989
14.3389
14.6313
14.5953
14.7542
14.3846
14.6012
14.739
14.3478
14.7866
14.3681
14.8878
14.4976
14.6787
14.5561
14.4477
14.7714
14.6388
14.6224
14.8242
14.7376
14.9694
14.8588
14.6128
14.7301
14.9014
14.6693
14.839
14.3995
14.7976
14.3504
14.4951
14.8146
14.5202
14.4929
14.51
14.4229
14.6033
14.6692
14.8127
14.6157
14.4995
14.5648
14.394
14.5932
14.3074
14.6059
14.4376
14.7014
14.8821
14.5262
14.7122
14.4363
14.5232
14.6963
14.5281
14.6917
14.6306
14.6422
14.4127
14.7162
14.4214
14.4212
14.9931
14.7516
14.683
14.6197
14.7347
14.5969
14.7316
14.3827
14.7462
14.7297
14.6469
14.7904
14.7174
14.6601
14.829
14.8617
14.6971
14.8303
14.5566
14.3284
14.8636
14.758
14.5111
14.6957
14.8272
14.6027
14.3388
14.6848
14.5118
14.6872
15.2392
14.8787
14.8402
14.5557
14.6588
14.5723
14.5304
14.243
14.6601
14.7433
14.5784
14.4271
14.7204
14.599
14.8554
14.9308
14.6021
14.4542
14.8399
14.6995
14.4211
15.009
14.6001
14.6616
14.5161
14.4814
14.6297
14.9629
14.3643
14.2337
14.8965
14.4811
14.7845
14.4045
14.4344
14.991
14.6047
14.6461
15.0808
14.3708
14.5169
14.6267
14.6442
14.5643
14.6288
14.7134
14.8746
14.8698
14.7023
14.761
14.6033
14.5648
14.5402
14.454
14.9546
14.5259
14.8204
14.6619
14.7361
14.707
14.9649
14.8374
14.8878
14.559
14.6632
14.6251
14.658
14.6368
14.6024
14.5348
14.6888
14.4694
14.5031
14.8608
14.7748
14.549
14.7862
14.5348
14.6141
14.3743
14.5982
14.4021
14.6389
14.8205
14.4702
14.529
14.4737
14.8082
14.6739
14.7645
14.6062
14.5054
14.6098
14.614
14.6173
14.7676
14.6215
14.726
14.8392
14.391
14.6693
14.7211
14.5419
14.6821
14.7366
14.5288
14.4569
14.6441
14.4405
14.7191
14.8725
14.4071
14.5947
15.0011
14.6569
14.4537
14.6325
14.8109
14.3203
14.2831
14.5976
14.5845
14.6234
14.7826
14.7043
14.9385
14.6508
14.7051
14.5782
14.3427
14.4803
14.5303
14.8504
14.58
14.6269
14.7367
14.47
14.8772
14.8167
14.6768
14.8441
14.6271
14.6201
14.7794
14.6411
14.5432
14.6834
14.5956
14.8412
14.8839
14.6027
14.7294
14.7958
15.0464
14.6889
14.7016
14.7059
15.0175
14.2613
14.5504
14.398
14.5868
14.4537
14.6073
14.4623
14.583
14.6878
14.0104
14.7896
14.7416
14.983
14.6507
14.9775
14.3114
14.6993
14.7994
14.909
14.6402
14.7193
14.7845
14.567
14.5433
14.7123
14.6282
14.8141
14.4054
14.581
14.7483
14.633
14.8626
14.5594
14.6383
14.4883
14.6315
14.4156
14.8191
14.4138
14.7668
14.6406
14.9161
14.8689
14.3294
14.4989
14.9075
14.4574
14.6362
14.7345
14.4714
14.727
14.4805
14.382
14.6642
14.5859
14.8802
14.728
14.612
14.4832
14.7143
14.6057
14.859
14.9492
14.3193
14.5686
14.7746
14.5451
14.5815
14.4776
14.5528
14.5475
14.7394
14.8189
14.5689
14.8963
14.5473
14.5905
14.5246
14.5856
14.7976
14.455
14.5556
14.6329
14.6626
14.9211
14.6051
14.9802
14.6226
14.7728
14.7727
14.9954
14.811
14.4454
14.6459
14.5649
14.7126
14.8932
14.7013
14.4559
14.3969
14.7558
14.4366
14.4817
14.6631
14.5151
14.8403
14.5682
14.8013
15.1065
14.6911
14.6627
14.6847
15.1423
15.0314
14.6885
14.734
14.6775
14.4219
14.6918
14.6057
14.3804
14.4773
14.4462
14.647
14.4688
14.6979
14.7993
14.7895
14.7247
14.5493
14.6123
14.7539
14.5373
14.8042
14.7308
14.3354
14.7626
14.8285
14.5033
14.3612
14.6054
14.6362
14.8135
14.6605
14.7062
14.4659
14.5995
14.7025
14.5269
14.8056
14.5723
14.7315
14.9352
14.8243
14.9673
14.524
14.5476
14.8965
14.7797
14.7475
14.6918
14.6931
14.8123
14.8292
14.2729
14.8479
14.7443
14.7712
14.7242
14.7211
14.8327
14.7505
15.0074
14.3959
14.4109
14.8526
14.6121
14.7002
14.909
14.6923
14.3891
14.8058
14.6974
14.4075
14.8123
14.5419
15.0222
14.6891
14.988
14.7922
14.6435
14.6847
15.1696
14.8118
14.8311
14.9053
14.9972
14.5599
14.5401
15.0607
14.4033
14.4888
14.5316
14.5872
14.8851
14.7116
14.8853
14.9004
14.4996
14.4551
14.3661
14.6751
14.892
14.7616
14.4709
14.6365
14.5959
14.8628
14.7912
14.5707
14.6466
14.4737
14.7327
14.6779
14.7417
14.911
14.7217
14.593
14.8285
14.7175
14.6545
14.9531
14.6906
14.7335
14.7678
14.6978
14.633
14.5975
14.6527
14.7742
14.5073
14.802
14.9296
14.6832
14.4604
14.6972
14.7182
14.6921
14.6744
14.9916
14.6803
14.7605
14.5805
14.6384
14.4747
14.6458
14.5914
14.4487
14.8166
14.5503
14.6671
14.8139
14.8508
14.7136
14.8411
14.5282
14.7516
14.7731
14.5189
14.4812
14.5946
14.7276
14.7198
14.5607
14.6172
14.6439
14.8711
14.5458
14.8736
14.7858
14.6667
14.4888
14.5385
14.8618
14.849
14.6767
14.634
14.8848
15.1507
14.5419
14.867
14.6666
14.5863
14.5237
14.5576
14.6843
14.5119
14.7624
14.9247
14.5815
14.647
14.6353
14.5477
14.4403
14.6614
15.0643
14.9006
14.7343
14.6689
14.607
14.7132
14.452
14.5644
14.5762
15.0176
14.6052
14.4665
14.8709
14.7501
14.6673
14.7366
14.635
14.7313
15.0384
14.5675
14.4842
15.1271
14.6305
14.6235
14.5855
14.9276
14.4814
14.8193
14.6043
14.9
14.7127
14.5116
14.9068
14.5071
14.9136
14.8982
14.7507
14.6474
14.5303
14.3134
14.733
14.7902
14.8991
14.497
14.9627
14.5031
14.8087
14.8527
14.8896
14.4651
14.4648
14.3915
14.9305
14.5242
14.721
14.5857
14.9531
14.7132
14.4325
14.9179
14.5809
14.8367
14.661
14.6104
14.6922
14.4932
14.8125
14.5007
14.6578
14.6173
14.7707
14.5527
14.663
14.5077
14.5681
14.4027
14.7678
14.5906
14.9033
14.6583
14.7191
14.4117
14.5232
14.7259
14.6663
14.6266
14.7275
14.5337
14.5136
14.535
14.726
14.8086
14.6454
14.4027
14.4042
14.7219
14.4823
14.6788
14.7887
14.4859
14.2814
14.4227
14.4413
14.5125
14.473
14.8725
14.7777
14.1512
14.4083
14.6909
14.7328
14.6014
14.6695
14.7569
14.5625
14.7122
14.3564
14.8312
14.4683
14.7344
14.3383
14.6695
14.6977
14.8931
14.5337
14.6347
14.5984
14.8022
14.5077
15.1106
14.6828
14.6491
14.6257
14.4722
14.7253
14.6995
14.8445
14.884
14.8174
14.5904
14.6101
14.7372
14.9001
14.4141
14.4704
14.7911
14.6773
15.0024
14.5649
14.7921
14.81
14.576
14.8882
14.641
14.6948
14.7781
14.7003
14.7798
14.7329
14.7748
14.8385
14.8516
14.5094
14.647
14.7986
14.4566
14.8842
14.8139
14.7013
14.6525
14.5935
14.5536
14.5859
14.8484
14.6465
14.7485
14.8553
14.8008
14.6565
14.56
14.6982
14.8356
14.9246
14.6948
14.4121
14.6886
14.6774
14.9035
14.6108
14.4342
14.6907
14.6228
14.7955
14.6249
14.7447
14.8532
14.7341
14.4433
14.7622
14.6939
14.2675
14.7107
14.9609
14.8144
14.7256
14.8064
14.446
14.9103
14.7636
14.4432
14.6326
14.5536
14.3066
14.5785
14.8592
14.8485
14.7484
14.585
14.5849
14.9199
14.6433
14.6023
14.7754
14.406
14.6125
14.7537
14.6389
14.6398
14.8351
14.822
14.9242
14.7014
14.7892
14.5916
14.5156
14.5459
14.562
14.7977
14.6002
14.5665
14.6884
14.6171
14.544
15.038
14.3769
14.6937
14.678
14.5963
14.2971
14.4041
14.8497
14.6254
14.7754
14.7685
14.4578
14.5182
14.6592
14.6484
14.7912
14.6519
14.6227
14.3483
14.8503
14.4514
14.504
14.9242
14.8861
14.7857
14.8876
14.6328
14.7481
14.772
14.5657
14.8226
14.5865
14.9699
14.5728
14.526
14.7062
14.4451
15.0961
14.7632
14.5705
14.7514
14.6511
14.5399
14.5751
14.9475
14.6577
15.0106
14.5299
14.8038
14.6398
14.7218
14.8043
14.45
15.002
14.5666
14.499
14.7969
14.548
14.8238
14.8424
14.3998
14.6609
14.419
14.6716
14.8254
14.5703
14.782
14.6157
15.0031
14.4021
14.3754
14.4501
15.0283
14.639
14.5433
14.466
14.7349
14.7529
14.6655
14.4915
14.6804
14.3544
14.5994
14.3921
14.5058
14.6859
14.9149
14.4919
14.7719
14.9004
14.4787
14.5737
15.1547
14.604
14.4919
14.7804
14.4862
14.7606
14.891
14.3149
14.5976
14.4539
15.2341
14.6075
14.6057
15.0352
14.9504
14.661
14.9826
14.5365
14.5757
14.462
14.8277
14.5396
14.5822
14.5596
14.7301
14.5276
14.8015
14.7944
14.5778
14.5479
14.5534
14.6475
14.7983
14.8079
14.7722
14.551
14.6302
14.6894
15.1396
14.6848
14.4028
14.954
14.7389
14.4254
14.911
14.3776
14.7002
14.6519
14.6716
14.5013
14.9204
14.9284
14.5768
14.65
14.7354
14.6301
14.4071
14.4691
14.7005
14.5143
14.5804
14.4983
14.5828
14.7588
14.6608
14.9913
14.4201
14.6139
14.6996
14.455
14.7006
14.9104
14.9303
14.9466
14.5881
14.6955
14.6914
14.5004
14.7755
14.5802
14.5418
14.5991
14.5843
14.7049
14.7172
14.5419
14.7115
14.6411
14.6619
14.6509
15.0407
14.6972
14.6683
14.9513
14.6369
14.8137
14.4171
14.5486
14.7075
14.5431
14.7772
14.8366
14.7073
14.8241
14.6454
14.6837
14.643
14.6014
14.6044
14.9506
14.5011
14.7793
14.5945
14.6908
14.7161
14.5785
14.632
14.5297
14.5209
14.5845
14.6314
14.8091
14.4358
14.9229
14.9067
14.7738
14.2826
14.724
14.5789
14.8406
14.3333
14.3818
14.8322
14.7937
14.5734
14.7946
14.7165
14.837
14.553
14.493
14.4284
14.5399
14.8843
14.3928
14.8975
14.6926
14.6725
14.2871
14.6345
14.6513
14.5433
14.8604
14.5732
14.8252
14.4421
14.659
14.4986
14.7086
14.74
14.5481
14.5926
14.5063
14.4944
14.4755
14.8187
15.0573
14.7174
14.4032
15.0364
14.7843
14.7995
14.8604
14.6372
14.7838
14.5983
14.8775
14.6882
14.5601
14.5869
14.9033
14.9622
14.7163
14.5647
14.7381
14.5497
14.8785
14.6832
14.5465
15.2888
14.6849
14.4736
14.7471
14.719
14.9242
14.4211
14.475
14.3649
14.5582
14.9393
14.5406
14.5647
14.6857
14.3976
14.8196
14.7812
14.6793
14.7282
14.5738
14.836
14.7168
14.5892
14.6053
14.8924
14.4781
14.9728
14.9102
14.7964
15.054
14.3245
14.7917
14.6136
14.5053
14.8629
14.7802
14.646
14.7129
14.8701
14.6082
15.0915
14.5835
14.5358
14.6979
14.8113
14.5213
14.7425
14.7069
14.8992
14.6497
14.6284
14.6359
14.4957
14.3985
14.5759
14.6937
15.0689
14.5985
14.5916
14.7316
14.4813
14.7977
14.5103
14.261
14.7823
14.7574
14.6403
14.4454
14.7168
14.7409
14.379
14.6305
14.6932
14.5434
14.6588
14.5738
14.2885
14.3393
14.7367
14.3894
14.4815
14.5682
14.4043
14.578
14.5981
14.7593
14.7633
14.6272
14.6273
14.7088
14.7248
14.587
14.649
14.6021
14.7573
14.5623
14.5309
14.3053
14.6489
14.9003
14.6468
14.6053
14.9437
14.3742
14.6424
14.6289
14.6874
15.1112
14.8055
14.7881
14.6483
14.6174
14.7744
14.5038
14.5068
14.5408
14.7476
14.6145
14.5245
14.8126
14.5706
14.8421
14.5597
14.5479
14.7303
14.9527
14.6092
14.6576
14.9894
14.9145
14.6546
14.6425
14.5189
14.6624
14.793
14.6565
14.6331
14.8671
14.7082
14.5663
14.6103
14.4421
14.531
14.6619
14.4599
14.7775
15.0048
14.9365
14.8128
14.6232
14.5788
14.6898
14.5755
14.9346
14.6695
14.6374
15.0011
14.6212
14.6687
14.3258
14.4541
14.5226
14.1653
14.5725
14.4013
14.8078
14.7529
14.7615
14.4604
14.696
14.5771
14.806
14.3107
14.6547
14.8532
14.908
14.6194
14.7807
14.9622
14.7215
14.7525
14.894
14.7025
14.4845
14.6455
14.5524
14.8464
14.4314
14.6161
14.7157
14.5043
14.8479
14.5702
14.6564
14.3507
14.6592
14.2049
14.7042
14.4385
14.794
14.6329
14.6217
14.7
14.6927
14.3553
14.5368
14.5635
14.5532
14.7404
14.7184
14.4706
14.5148
14.8277
14.7372
14.6556
14.6731
14.6758
14.531
14.8422
14.7014
14.5091
14.6065
14.6467
14.822
14.4385
14.8676
14.6368
14.796
14.741
15.0473
14.9062
14.6847
14.9811
14.7054
14.3961
14.5221
14.6073
14.9597
14.808
14.6793
14.5074
14.7555
14.4051
14.5708
14.6269
14.5155
14.5052
14.5548
14.9149
14.7495
14.7699
14.315
14.503
14.76
15.1115
14.2849
14.7156
14.4007
14.8232
14.7393
14.4171
14.7188
14.6333
14.5432
14.6317
14.7144
14.5396
14.6887
14.631
14.853
14.7765
14.972
15.0218
14.5925
14.7562
14.6074
14.5077
14.7267
14.7063
14.6542
14.8981
14.5249
14.7831
14.7549
14.7065
14.4584
14.5299
14.6015
14.7768
14.6804
14.9235
14.8405
14.6404
14.6112
14.5076
14.5453
14.5656
14.6252
14.5849
14.7322
14.5863
14.8144
14.5185
14.2776
14.5746
14.6834
14.6516
14.8319
14.7332
14.6403
14.5956
14.7767
14.9406
14.408
14.5384
14.4439
14.6601
14.8542
14.8586
14.9237
14.6679
14.6495
14.8009
14.5911
14.6735
15.1937
14.5542
14.7815
14.7424
14.6419
14.7805
14.6911
14.528
14.6078
14.6341
14.705
14.5247
14.5892
14.435
14.8035
14.6752
14.564
14.6897
14.7754
14.8618
14.9199
14.6275
14.6839
15.0149
14.1994
14.5383
14.7114
14.5908
14.576
14.9269
14.5815
14.6155
14.8094
14.3325
14.6576
14.6542
14.2922
14.6915
14.7502
14.9429
14.4859
14.7224
14.8666
14.8958
14.6684
14.6067
14.5549
14.8014
14.5654
14.6634
14.7376
14.5519
14.9433
14.3781
14.8355
14.4385
14.4695
14.6104
14.5521
14.6658
14.317
14.5873
14.8869
14.7215
14.5926
14.6178
14.839
14.836
14.5459
14.7711
14.3594
14.7785
14.521
14.3055
14.6796
14.7401
14.7046
14.4546
14.7258
14.7823
14.6589
14.652
14.707
14.8049
14.5832
14.9185
14.6845
14.9129
14.5461
14.5642
14.5483
14.7449
14.6226
14.5765
14.6424
14.7316
14.6643
14.6619
14.6698
14.607
14.3138
14.5827
14.8513
14.5537
14.7104
14.5751
14.4043
14.5316
14.6633
14.8192
14.8895
14.9811
14.6104
14.3622
14.5641
14.7781
14.4519
14.8083
14.486
14.6579
14.584
15.0994
14.4922
14.6408
14.58
14.7414
14.7046
14.8166
14.5316
14.8823
14.8279
14.1975
14.6517
14.8398
14.6544
15.1276
14.7937
14.6004
14.6084
14.7544
14.9217
14.6117
14.5542
14.8622
14.5295
14.7808
14.8477
14.7175
14.6123
14.9078
14.6549
14.6512
14.3715
14.6814
14.5792
14.744
14.9497
14.6703
14.6285
14.7889
14.4956
14.5592
14.915
14.5088
14.7274
14.7883
15.0764
14.5835
14.34
14.7824
14.6588
14.383
14.804
14.6317
14.9703
14.7333
14.9382
14.6182
14.7196
14.8726
14.3847
14.4773
14.7554
14.724
14.4849
14.4139
14.9477
14.7824
14.7913
14.6057
14.0314
14.4471
14.8262
14.8859
14.6952
14.9114
14.6567
14.5754
14.8224
14.7162
14.5593
14.6312
14.7366
14.8048
14.8366
14.4977
14.7531
14.7261
14.7872
14.3016
14.6106
14.4943
14.5059
14.6804
14.8361
14.7369
14.6862
14.5276
14.5498
14.6381
14.9285
14.621
14.8254
14.6431
14.6873
14.6066
14.3626
14.4278
14.8892
14.896
14.4709
14.7384
14.7678
14.769
14.4555
14.262
14.461
14.6454
14.8924
14.511
14.5051
14.682
14.5717
14.6302
14.5574
14.7043
14.8137
15.0725
14.6019
14.6756
14.761
14.6872
14.7938
14.7694
14.2847
14.8636
14.4638
14.4863
14.5348
14.6654
15.1141
14.848
14.8757
14.7322
14.6342
14.7072
14.355
14.4548
14.4874
14.9001
14.7785
14.5681
14.6765
14.6477
14.5075
14.6164
14.5217
14.9001
14.5596
14.803
14.7829
14.654
14.7496
14.7933
14.72
14.4957
15.0553
14.5359
14.7766
14.7131
14.4959
14.8335
14.6663
14.6794
15.0315
14.5528
14.5744
14.3657
14.9826
14.6466
14.6019
14.7236
14.4801
14.5433
14.7746
14.6193
14.4469
14.6677
14.5715
14.7414
14.704
14.8166
14.724
14.3136
14.5262
14.7698
14.608
14.5946
14.6276
14.4122
14.4549
14.7942
14.8795
14.3621
14.6159
14.6485
14.872
14.6982
14.9344
14.6333
14.9112
15.0092
14.6256
14.6743
14.5004
14.7211
14.7395
14.6351
14.4057
14.5819
14.4445
14.3876
14.5803
14.8425
14.5295
14.7954
14.7135
14.5701
14.6236
14.6786
14.4855
14.7026
14.4999
14.4908
14.801
14.5254
14.8738
14.7453
14.7212
14.7898
14.8127
14.9152
14.2458
14.6837
14.5835
14.418
14.8591
14.8516
14.7046
14.5681
14.5982
14.8878
14.5006
14.5286
14.7596
14.8115
14.5108
14.6818
14.4873
14.3909
14.6766
14.5807
14.7138
14.5988
14.7999
14.7744
14.3236
14.6674
14.9745
14.6881
14.685
14.77
14.5605
14.5381
14.5995
14.5734
14.623
14.4655
14.7806
14.2916
14.6566
14.9052
14.6094
14.7106
14.7989
14.9978
14.5083
14.7641
14.8456
14.5531
14.4843
14.3962
14.5154
14.8519
14.7196
14.4533
14.4675
14.8106
14.5274
14.7179
14.4004
14.4638
14.419
14.6563
14.7977
14.6746
14.7079
14.7759
14.394
14.4573
14.595
14.6177
14.8535
14.8637
14.718
14.3301
14.8707
14.5052
14.5443
14.8932
14.5801
14.8974
14.7101
14.9514
14.5795
14.9168
14.5351
14.9336
14.6145
14.7349
14.9237
14.7975
14.5959
14.8416
14.3643
14.6933
14.9298
14.7598
14.7607
14.8623
14.6429
14.6972
14.9001
14.6429
14.2183
14.6611
14.4528
14.4319
14.8404
14.8536
14.8816
15.107
14.7586
14.7183
14.4259
14.556
14.6398
14.8489
14.1849
14.7028
14.6082
14.8888
14.9789
14.3407
14.7326
14.5023
14.5827
14.5298
14.6343
14.4865
14.6177
14.9073
14.785
15.0738
14.5383
14.6621
14.4073
14.554
14.7953
14.6004
14.8425
14.7539
14.5939
14.8378
14.7199
14.7946
14.8054
14.804
14.5627
14.6885
14.8853
14.2836
14.5915
14.5096
14.7755
14.7093
14.6141
14.3516
14.5348
14.4808
14.9026
14.816
14.4226
14.3667
14.7428
14.7969
14.7437
14.8478
14.6152
14.5716
14.8683
14.3744
14.7933
14.8429
14.5913
14.7305
14.3293
14.5921
14.7355
14.5721
14.7243
14.9575
14.5904
14.5931
14.6762
14.9787
14.7292
14.8764
14.6878
14.6193
14.6923
14.7077
14.8376
14.9348
14.913
14.622
14.5548
14.863
14.7438
14.9511
14.6242
14.6798
14.5556
14.4568
14.4521
14.4602
14.4351
14.6728
14.533
14.6427
14.6905
14.5026
14.6912
14.4267
14.7224
15.0064
14.6158
14.8328
14.7133
14.718
14.5175
14.7976
14.568
14.7538
14.6052
14.6612
14.5598
14.6772
14.4393
14.839
14.696
14.6298
14.7574
14.4273
14.8401
14.3731
14.8709
14.8795
14.8487
14.6074
14.7339
14.717
14.6018
14.7967
14.6899
15.0569
14.5617
14.8188
14.7021
14.805
14.6855
14.6871
14.7624
14.614
15.0877
14.6045
14.3493
14.6395
14.9341
14.3919
14.8446
15.0612
14.5412
14.5724
14.6675
14.4448
14.3623
14.6625
14.9177
14.2971
14.7556
14.583
14.6113
14.7763
14.5726
14.5644
14.9282
14.8159
14.3613
14.3361
14.6974
14.9316
14.5032
14.667
14.653
14.8819
15.0312
14.7381
14.9246
14.8533
14.7293
14.8048
14.5792
14.7452
14.7711
14.7015
14.9013
14.8181
14.8455
14.6105
14.5444
14.3178
14.5989
14.4555
14.9342
14.5032
15.0417
14.6652
14.834
14.821
14.6969
14.5476
14.8082
14.6535
14.7591
14.7166
14.9818
14.4758
14.6697
14.8202
14.791
14.6656
14.82
14.6915
14.7597
14.5919
14.5056
14.5282
14.5045
14.3752
14.6588
14.561
14.6816
14.5052
14.7402
14.7408
14.6441
14.5176
14.893
14.7315
15.069
14.426
14.6484
14.9148
14.7729
14.7996
14.7914
14.7062
14.3596
14.6123
14.989
14.7089
14.5821
14.6246
14.7174
14.4483
14.5976
14.6189
14.1373
14.6845
14.9248
14.9594
14.9058
14.7413
14.7445
15.0015
14.8491
14.6937
14.4327
14.4311
14.5035
14.6743
14.8302
14.4853
14.4681
14.4682
14.401
14.6779
14.4151
14.608
14.5102
14.595
15.0958
14.6793
14.7465
14.5726
14.9846
14.5814
14.8211
14.4348
14.7635
14.8287
14.5979
14.5536
14.6682
14.5888
14.6017
14.5241
14.9378
14.5566
14.7722
14.7387
14.6858
14.6851
14.4816
14.777
14.477
14.9817
14.6276
14.6292
14.7177
14.6283
14.4281
14.3951
14.6336
14.7966
14.6994
14.8192
14.6516
14.6359
14.8449
14.5769
14.6388
14.8698
14.643
14.76
14.7166
14.833
14.5214
14.5157
14.7005
14.6529
14.5956
14.4318
14.8004
14.888
14.4914
14.7699
14.4397
14.9113
14.6819
14.9246
14.5237
14.9897
14.5329
14.8987
14.5859
14.4698
14.5353
15.0117
14.5677
14.8198
14.448
14.3687
14.317
14.4925
14.7213
14.4422
14.5468
14.7332
14.7406
14.5453
14.9746
14.4784
14.5323
14.6357
14.5457
14.6165
14.6253
14.4606
14.8174
14.6454
14.4291
14.669
14.7841
14.4533
14.945
14.7092
14.7106
14.7168
14.7564
14.5109
14.7056
14.5779
14.4586
14.714
14.5876
14.4045
14.9886
14.6553
14.6601
14.6218
14.9096
14.6172
14.6654
14.7981
14.6614
14.9593
14.7159
14.8251
14.7418
14.7319
14.7777
14.6865
14.2964
14.7934
14.5013
14.7288
14.8404
14.7352
14.5856
14.6579
14.8905
14.4424
14.9858
15.1324
14.6016
14.6373
14.6959
14.8428
14.5587
14.5483
14.3734
14.8145
14.646
14.7889
14.7264
14.6308
14.653
14.589
14.6608
14.4833
14.3676
14.7027
14.4186
14.9218
14.6973
14.8304
14.6965
15.0971
14.6213
14.3311
14.6496
14.6232
14.8189
14.8186
14.7857
14.8294
14.4765
14.8878
14.8165
14.6501
14.7343
14.7818
14.6738
14.5184
14.564
14.9148
14.9648
14.5615
14.7902
14.5486
14.8416
14.8567
14.3006
14.2947
14.575
14.3855
14.832
14.2897
14.7549
14.6153
14.6718
14.6996
14.8667
14.8249
14.9218
14.7561
14.8325
14.7547
14.5289
14.5794
14.7884
14.696
14.7878
14.6695
14.4853
14.4809
14.7503
14.7418
14.6722
14.7078
14.3245
14.7663
14.9412
14.6909
14.7217
14.6907
14.7128
14.7212
14.6501
14.6876
14.7222
14.7976
14.7979
14.6166
14.5786
14.8719
14.5256
14.5115
14.6944
14.6464
14.5628
14.7296
15.3097
14.8417
14.8108
14.7198
14.8396
14.5691
14.4723
14.7777
14.7195
14.762
14.8572
14.887
14.5122
14.446
14.5858
14.7752
14.4843
14.6103
14.7129
14.605
14.6634
14.5456
14.5559
14.5355
14.3525
14.5579
14.686
14.5602
14.8806
14.2577
14.956
14.7814
14.5229
14.7399
14.7679
14.6109
14.9218
14.7059
14.8362
14.4538
14.6224
14.3034
14.93
14.6434
14.384
14.924
14.7935
14.6435
14.6831
14.9021
14.7897
14.783
14.6119
14.6849
14.7757
14.9617
14.7587
14.5482
14.1711
14.4407
14.3538
14.9913
14.8212
14.5603
14.4803
14.4152
14.6193
14.7341
14.6554
14.8023
14.5591
14.2525
14.4701
14.7625
14.359
14.7702
14.5287
14.6988
14.8397
14.6179
14.7903
14.8021
14.69
14.6443
14.704
14.4153
14.7889
14.7575
14.5431
14.9708
14.7289
14.8007
14.6191
14.5104
14.769
14.5806
14.7022
14.5933
14.4123
14.3379
14.64
14.5437
14.4553
14.609
14.7535
14.5953
14.9949
14.5609
14.5988
14.7959
15.0025
14.5944
14.806
14.4144
14.5447
14.9598
15.0045
14.7489
14.3939
14.9866
14.8136
14.7649
14.3985
14.7018
14.3834
14.9807
14.5772
14.7035
14.6544
14.7263
14.3697
14.8557
14.7504
14.6856
14.7239
14.6675
14.6259
14.5209
14.6233
14.7062
14.6096
14.7763
14.8509
14.986
14.6383
14.7354
14.409
14.8452
14.5527
14.5611
14.4936
14.747
14.6614
14.8559
14.6207
14.743
14.7329
14.6394
14.3113
14.4284
14.5795
14.4723
14.4195
14.5473
14.6225
14.4947
14.8747
14.4569
14.7979
14.6208
14.5549
14.5666
14.6812
14.6864
14.815
14.5136
14.7171
14.5968
14.5927
14.661
14.701
14.5357
14.6649
14.8594
14.8646
14.5504
14.7032
14.5812
14.6709
14.2658
14.9255
14.7069
14.6202
14.7473
14.5651
14.8549
14.4028
14.6002
15.2307
14.7353
14.5171
14.7977
14.5137
14.6429
14.653
14.3138
14.425
14.748
14.4792
14.604
15.0381
14.8507
14.8264
14.5434
14.7653
14.7261
14.7779
14.369
14.7325
14.5873
14.9739
14.5186
14.4575
14.5912
14.5742
14.8658
14.8051
14.4921
14.703
14.9143
14.8714
14.81
14.7202
14.86
14.8415
14.6881
14.5826
14.8193
14.5619
14.7355
14.514
14.6798
14.8992
14.5505
14.6945
14.6915
14.702
14.6183
14.1371
14.8284
14.7512
14.5032
14.5526
14.4932
14.704
14.6446
14.4587
14.7228
14.5475
14.8723
14.6267
14.8996
14.7736
14.8325
14.7447
14.5014
14.8959
14.4083
14.7254
14.8417
14.4593
14.5221
14.4438
14.5688
14.9796
14.6364
14.4835
14.8454
14.5315
14.8738
14.3242
14.773
14.4196
14.7209
14.8426
14.67
14.8465
14.4062
14.4365
14.663
14.6049
14.8563
14.5907
14.5766
14.7827
14.7315
14.7786
14.6972
14.4997
14.6971
14.6645
14.7309
14.6743
14.4464
14.6215
14.4662
14.4748
14.6596
14.6427
14.9003
14.6946
14.7125
14.6773
14.7648
14.5317
14.4729
14.6576
14.4439
14.85
14.6477
14.6908
14.4178
14.744
14.5528
14.6914
14.6666
14.6636
14.5362
14.5617
14.6874
14.6159
14.9495
14.5958
15.0383
14.6436
14.5847
14.7112
15.0243
14.8834
14.6828
14.6522
14.8355
14.5961
14.518
14.7587
14.9723
14.714
14.792
14.666
14.5479
14.5556
14.815
14.4776
14.4475
14.8794
14.4016
14.8077
14.6235
14.602
14.7849
15.0835
14.8094
14.6657
14.7031
14.6468
14.8542
14.6843
14.8506
14.3766
14.6515
14.8752
14.7182
14.7041
14.4155
14.6368
15.1113
14.3804
14.6151
14.6491
14.3616
14.7535
15.2191
14.6448
14.6668
14.9408
14.6711
14.6804
14.5591
14.5799
14.6091
14.9377
14.7083
14.6689
14.8315
14.9695
14.505
14.439
14.5484
14.7061
14.6751
14.7781
14.3794
14.9736
14.5741
15.3119
14.561
14.6231
14.66
14.5961
14.7726
14.8675
14.3666
14.9398
14.7154
14.7411
14.4717
14.8537
14.815
14.7095
14.7448
14.7494
14.5505
14.6413
14.8663
14.6478
14.6639
14.7238
14.9608
14.7922
14.5632
14.8791
14.5907
14.3126
14.7197
14.7787
14.615
14.5378
14.4474
14.535
14.4709
14.7441
14.6593
14.772
14.783
14.6459
14.7112
14.5158
14.7501
14.7479
14.6508
14.445
14.701
14.8149
14.4752
14.8151
14.6769
14.6563
14.8479
14.5123
14.7611
14.5563
14.4969
14.7178
14.6502
14.793
14.7702
14.0994
14.7229
14.6319
14.8977
14.5247
14.4782
14.5524
14.7073
14.7431
14.6078
14.5842
14.6669
14.7404
14.7777
14.7423
14.5753
14.5605
14.5258
14.6929
14.6442
14.7223
14.7554
14.6214
14.5217
14.6984
14.5322
14.6517
14.3416
14.8345
14.7236
14.692
14.6655
14.4807
14.9779
14.5886
14.7475
14.6837
14.5566
14.2763
14.7665
14.7732
14.9925
14.5106
14.2032
14.5332
14.7568
14.613
14.5836
14.6509
14.7323
14.7511
14.3489
14.6562
14.7006
14.7988
14.2563
14.7444
14.5541
14.6235
14.9327
14.5779
14.2811
14.7308
14.4985
14.6931
14.6522
14.8009
14.8387
14.9766
14.9286
14.5519
14.9736
14.8925
14.608
14.5316
14.6739
14.6538
14.7415
14.3689
14.844
14.6857
14.5112
14.9662
14.787
14.78
14.5256
14.8237
14.6833
14.8101
14.7107
14.5636
14.7169
14.5049
14.307
14.7072
14.8686
14.752
14.8358
14.6326
14.6984
14.5032
14.5113
14.8634
14.5128
14.6778
14.645
14.3662
14.7321
14.5441
14.4459
14.7477
14.7378
14.756
14.6633
15.2036
14.7812
14.6327
14.6511
14.5211
14.8455
14.9267
14.7003
14.7956
14.7847
15.1259
14.9129
14.6262
14.5491
14.681
15.042
14.8406
14.638
14.8364
14.6654
14.9325
14.4538
14.9117
14.5923
14.5593
14.6693
14.6128
14.5263
14.8195
14.4695
14.7121
14.7723
15.0227
15.1119
15.1183
14.443
14.7559
14.3226
14.6275
14.5767
14.7905
14.5234
15.0005
14.6463
14.657
14.6019
14.6656
14.5918
14.5919
14.5938
14.5244
14.3175
14.3165
14.447
14.4896
14.6933
14.7268
15.0328
14.6069
14.9726
14.7483
14.9646
14.4498
14.4924
14.3245
14.7509
14.643
14.5724
14.9142
14.6208
14.7155
14.6263
14.6788
14.3798
14.3951
14.7585
14.9004
14.4866
14.3919
14.679
14.5279
14.6962
14.6355
14.687
14.7191
14.8701
14.7728
14.4858
14.8979
14.4115
14.9659
14.8717
14.6338
14.8102
14.6309
14.3736
14.6992
14.4331
14.6904
14.8704
14.8385
14.6242
14.9313
14.9568
14.5355
14.59
14.6196
14.743
14.6065
14.6546
14.4588
14.5594
14.8067
14.935
14.3569
14.5093
14.8627
14.488
14.54
14.6216
14.4817
14.5826
14.6598
14.8635
14.7301
14.7297
14.8688
14.9651
14.7141
15.0665
14.7845
14.783
14.5652
14.5287
14.5134
14.8101
14.3738
14.4109
14.6377
14.8455
14.8609
14.5925
14.7381
14.4799
14.5951
14.4417
14.5427
14.4751
14.3132
14.7282
14.7283
14.2927
14.76
14.5395
14.4435
14.5351
14.7186
14.7399
14.5858
14.7444
14.6726
14.3092
14.3459
14.4936
14.5353
14.9481
14.8137
14.5234
14.5711
14.6505
14.4591
14.8329
14.5914
14.756
14.611
14.6217
14.6688
14.5631
14.8002
14.8116
14.4025
14.6221
14.6248
14.7731
14.7166
14.5192
14.673
14.7259
14.6368
14.4731
14.4934
14.6823
14.6334
14.8294
14.669
14.5615
14.5232
14.4404
14.5602
15.1419
14.5085
14.7209
14.6355
14.7347
14.4346
14.5632
14.6531
14.6117
14.9609
14.7863
14.6777
14.6442
14.84
14.7494
14.4538
14.6503
14.5651
14.6193
14.9547
14.5714
14.5269
14.6141
14.6813
14.8422
14.4777
14.6615
14.5252
14.5869
14.533
14.8349
14.8897
14.6757
14.4297
14.3271
14.7063
15.044
14.8242
14.8586
14.5443
14.4129
15.0054
14.9002
14.5777
14.6036
14.6263
14.8492
14.5722
14.4614
14.6748
14.6883
14.7464
14.3945
14.5504
14.8324
14.5772
14.5711
14.507
14.7036
14.6811
14.6334
14.8371
14.6264
14.5275
14.3169
14.473
14.7372
14.5211
14.4822
14.5727
14.3966
14.9614
14.8329
14.6795
14.2422
14.6741
14.7289
14.6194
14.5429
14.5289
14.5427
14.8768
14.6385
14.472
14.761
14.5908
14.7575
14.7786
14.5637
14.7413
14.5962
14.6479
14.4838
14.7492
14.6394
14.1852
14.6491
14.6855
14.5704
14.3753
14.5794
14.8094
15.0034
14.652
14.5985
14.694
14.5447
14.3949
14.9367
14.6282
14.8925
14.4563
14.7255
14.7577
14.5108
14.4884
14.9008
14.8901
14.7517
14.4542
14.5945
14.706
14.3979
14.458
14.8529
14.5036
14.9431
14.534
14.8094
14.4557
14.5996
14.6106
14.8307
14.3802
14.8663
14.5196
14.5264
14.7763
14.6533
14.5343
14.7119
14.686
14.5061
14.6207
14.5096
14.656
14.7759
14.7721
14.8919
14.8074
14.8414
14.6066
14.4042
14.5207
15.0178
14.4822
14.6633
14.5762
14.5301
14.8978
14.3095
14.6744
14.6972
14.9571
14.2748
15.1096
14.7994
14.8254
14.624
14.6072
14.7954
14.6828
14.4659
14.9596
14.7204
14.5528
14.8334
14.7099
14.7153
14.817
14.7714
14.6844
14.4164
14.5505
14.7759
14.9758
14.4599
14.6818
14.7632
14.6288
14.3164
14.7146
14.1546
14.9071
14.5098
15.1465
14.526
14.6625
14.9491
14.6164
14.8694
14.6756
14.6852
14.7396
14.8063
15.0487
14.7792
14.9552
14.6961
14.5332
14.2662
14.2954
14.5935
14.4021
14.5811
14.6305
14.7587
14.5622
14.6769
14.9682
14.4597
14.7684
14.7416
14.5683
14.5545
14.5327
14.6164
14.8625
15.2042
14.8265
14.6759
14.6612
14.7524
14.3741
14.7563
14.6568
15.0884
14.9816
14.4779
14.4965
14.2797
14.6281
14.4349
14.7047
14.6789
14.6581
14.9627
14.7447
14.5291
14.7711
14.8211
14.8117
14.7973
14.745
14.594
14.492
14.5685
14.6977
14.6549
14.9188
14.9087
14.3704
14.6231
14.6214
14.4269
14.5025
14.8125
14.711
14.5574
14.6649
14.908
14.3886
14.8844
14.66
14.9226
14.6683
14.6377
14.4707
14.6381
14.7678
14.9633
14.6347
14.7252
14.6956
14.5337
14.6262
14.83
14.6901
14.6913
14.2669
14.8084
14.6431
14.5172
14.5598
14.3278
14.4663
14.5678
14.4153
14.7116
14.9511
14.6417
14.6345
14.6205
15.0651
14.4136
14.3415
14.8518
14.4677
14.5264
14.6794
14.5877
14.7004
14.8522
14.825
14.5702
14.3231
14.9624
14.7555
14.6511
14.3393
14.6118
14.4222
14.9763
14.5753
14.7755
14.6895
14.6527
14.9785
14.6617
14.416
14.6845
14.5758
14.5582
14.6524
14.8193
14.6214
14.5885
14.9772
14.5856
14.7382
15.0507
14.9045
14.8067
14.8023
14.5814
14.5555
14.7088
14.4413
14.4474
14.6218
14.8368
14.582
14.4366
14.4999
14.7414
14.5791
14.8596
14.8279
14.7322
14.7072
14.5688
14.7927
14.7056
14.7057
14.6674
14.5132
14.617
15.017
14.6048
14.7158
14.7445
14.6761
14.7889
14.4663
14.5097
14.5476
14.327
14.4915
14.4992
14.6866
14.5846
14.5107
14.2756
14.5546
14.7432
14.8369
14.7319
14.4375
14.6479
14.7817
14.7301
14.714
14.7913
14.8291
14.5079
14.7156
14.7151
14.7732
14.6768
14.6536
14.7037
14.3883
14.6487
14.68
14.826
14.6123
14.4163
14.5818
14.6567
14.8321
15.0698
14.2762
14.5635
14.45
14.3922
14.4859
14.6524
14.811
14.3575
14.7229
14.7882
14.6322
14.5434
14.6771
14.8393
14.9232
14.731
14.5894
14.4055
14.528
14.5028
14.7231
14.382
14.3373
14.7464
14.673
14.3597
14.5897
14.7074
14.7047
14.6488
14.3027
14.5035
14.4381
14.5576
14.7469
14.657
14.4597
14.6455
14.8688
14.4851
14.6153
14.6077
14.7323
14.7586
14.5908
14.8457
14.525
14.5956
14.7341
14.8047
14.5991
14.5563
14.4936
14.8823
14.8357
14.9623
15.1022
14.4667
14.58
14.5988
14.7566
14.6411
14.5403
14.6175
14.6676
14.5527
14.4972
14.6841
14.6627
14.2808
14.915
14.59
14.7005
14.3687
14.8926
14.5134
14.7057
14.7566
14.5483
14.8919
14.688
14.5685
14.6314
14.6465
14.8186
14.773
14.3583
14.6664
14.353
14.6998
14.3363
14.714
14.7587
14.928
14.6927
14.709
14.7144
14.9178
14.905
14.5513
14.3917
15.0798
14.6373
14.6963
14.9067
14.5286
14.7707
14.4802
14.7665
14.5926
14.6933
14.6714
14.656
14.9164
14.7464
14.7624
14.7821
14.7772
14.3437
14.6097
14.4753
14.3963
14.8315
14.5142
14.4569
14.7289
14.6698
14.393
14.7209
14.8842
14.9694
14.554
14.8055
14.665
14.292
14.4224
14.757
14.6895
14.8614
14.5956
14.5474
15.0021
14.5308
14.4735
14.8873
14.5682
14.7185
14.6068
14.6863
14.3091
14.72
14.6507
14.7432
14.7331
14.6611
14.6078
14.5931
14.5855
15.0176
14.7863
14.7196
14.6846
14.7211
14.5061
14.6029
14.5866
14.9999
14.6942
14.9353
15.0038
14.4467
14.7587
14.6215
14.2999
14.6487
14.5577
14.3988
14.5493
14.7773
14.4915
14.5671
14.8745
14.676
14.5915
14.5684
14.7681
14.7122
14.6087
14.3909
14.7559
14.8011
14.7027
14.5571
15.0704
14.4814
14.795
14.2216
14.6577
14.9389
14.4675
14.5953
14.8434
14.9164
14.9522
14.4576
14.6727
14.7217
14.8313
14.8132
14.671
14.8607
15.0044
14.4758
14.8453
14.51
14.6291
14.4419
14.6262
14.7239
14.8382
14.4476
14.5124
14.7811
14.4562
14.7662
14.7344
14.7289
14.7197
14.4096
14.8208
14.6348
14.6448
14.9727
14.5896
14.459
14.8208
14.633
14.9124
14.5933
14.3831
14.9111
14.8603
14.8118
14.4018
14.5249
14.6467
14.5924
14.5936
14.5172
14.7548
14.721
14.6831
14.665
14.3164
14.4685
14.6897
14.6924
14.8066
14.7938
14.8055
14.6694
14.6559
14.6468
14.5123
14.6346
14.5611
14.7915
14.3853
14.7342
14.5476
14.7769
14.8147
14.4484
14.7225
14.6625
14.8548
14.7294
14.6132
14.8413
14.3832
14.5336
14.2675
14.7941
14.832
14.587
14.7727
14.4897
14.6105
14.5236
14.6628
14.424
14.75
14.5574
14.6769
14.5969
14.7794
14.6492
14.6357
14.6654
14.4986
14.7668
14.505
14.6183
14.9465
14.7063
14.4006
14.7943
14.626
14.7079
14.4741
14.5413
14.7026
14.6521
14.7156
14.6028
14.4691
14.6156
14.7274
14.6003
14.7183
14.4998
14.6979
14.6539
14.9848
14.7014
14.7575
15.0526
14.6409
14.5382
14.9204
14.7998
14.8478
14.6572
14.6126
14.4235
14.9341
14.5354
14.7098
14.7096
14.6072
14.9626
14.7548
14.4614
14.7084
14.9531
14.55
14.8512
14.529
15.0684
14.7594
14.5343
14.6581
14.926
14.6726
14.5502
14.4417
14.6333
14.4915
14.6662
14.515
14.8116
14.7498
14.5294
14.8209
14.4389
14.522
14.6713
14.858
14.7447
14.8846
14.5202
14.6543
14.8334
14.9942
14.4399
14.472
14.8026
14.5016
14.5604
14.7568
14.74
14.6056
14.8836
14.7267
14.8764
14.6238
14.6387
14.6082
14.5827
14.8556
14.6274
14.6362
14.9056
14.5914
14.182
14.7838
14.447
14.6079
14.8558
14.5131
14.5088
14.7258
14.7248
14.3454
14.2976
14.7147
14.5344
14.4481
14.7139
14.5514
14.8216
14.4461
14.7103
14.4309
14.8275
14.687
14.545
14.7378
14.7394
14.6731
14.6961
14.6364
14.5661
14.8341
14.3904
14.8723
14.5531
14.5961
14.6584
15.0814
14.9434
14.5442
14.5927
14.5003
14.7044
14.8796
14.5279
14.81
14.8247
14.6408
14.8709
14.8847
14.7566
14.7806
14.6689
14.8189
14.854
14.5341
14.6242
14.4742
14.66
14.8062
14.876
14.5449
14.6903
14.7167
14.619
14.7076
15.0046
14.7272
15.0692
14.5134
14.9067
14.7305
14.9014
14.9099
14.1856
14.8904
14.4973
14.4627
14.5957
14.6198
14.7464
15.0285
14.6859
14.3049
14.5715
14.5276
14.5596
14.837
14.667
14.6798
14.6312
14.8034
14.3992
14.8733
14.5689
14.8094
14.5952
14.625
14.7222
14.5727
14.5911
14.8438
14.3799
14.4282
14.6532
14.4256
14.8119
14.6602
14.5846
15.0128
14.7522
14.9078
14.9007
14.6421
14.5113
14.6538
14.7871
14.5976
14.5522
14.7128
14.7913
14.4536
14.5593
14.8914
14.6835
14.7214
14.947
14.7115
14.6893
14.1681
14.5955
14.4347
14.7844
14.7844
14.6767
14.8801
14.5061
14.6992
14.4653
15.049
14.8152
14.3933
14.5896
14.6864
14.843
14.7645
14.7796
14.9489
14.6435
14.7795
14.7011
14.5884
14.3205
14.4882
14.7632
14.6128
14.4051
14.7193
14.8861
14.4278
14.773
14.8986
14.7847
14.7205
14.6554
14.4222
14.5908
14.7915
14.831
14.6032
14.6319
14.6323
14.5201
14.6395
14.6905
14.5156
14.7235
14.805
14.2671
14.7442
14.8203
14.7835
14.5575
14.7106
14.7354
14.2738
14.7214
14.8516
14.7681
14.9568
14.6431
14.7933
14.7987
14.3308
14.9898
14.4866
14.5866
14.6793
14.6701
14.8662
14.8802
14.7225
14.737
14.578
14.8347
14.8917
14.7895
14.7795
14.8608
14.5237
14.4623
14.5626
14.8988
14.6614
14.5129
14.6342
14.6164
14.5566
14.6218
14.5732
14.5202
14.5139
14.2702
14.8216
14.8749
14.4356
14.8843
14.6287
14.5016
14.5742
14.485
14.7125
14.5233
14.7733
14.6536
14.942
14.4864
14.8331
14.6761
14.8144
14.6842
14.54
14.8682
14.6787
14.6014
14.7832
14.4403
14.4688
14.3367
14.6364
14.4072
14.7357
14.584
14.9847
14.3473
14.7964
14.6806
14.6402
14.502
14.527
14.7385
14.594
14.6049
14.534
14.8199
14.7515
14.8918
14.6961
14.9971
14.7312
14.7034
15.1556
14.5408
14.7631
14.6296
14.4817
14.5628
14.6236
14.6147
14.8373
14.6561
15.0242
14.7908
14.4583
15.0739
14.5385
14.3452
14.5268
14.9431
14.5196
14.729
14.55
14.6378
14.8497
14.4358
14.7823
14.7118
14.714
14.9705
14.6877
14.7308
14.7237
14.5424
14.485
14.6614
14.646
14.5486
14.9758
14.4102
14.6491
15.1509
14.442
14.4572
14.6476
14.5905
14.8082
14.5831
14.9947
14.7799
14.4895
14.5118
15.1402
14.7152
14.8445
14.8183
14.6541
14.6312
14.5366
14.2768
14.3388
14.6372
14.6282
14.5955
14.5766
14.7105
14.6837
14.8222
14.6997
14.5047
14.6317
14.4985
14.5946
14.5876
14.4916
14.712
14.9599
14.7184
14.3578
14.6776
14.319
14.5477
14.6566
15.2092
14.6204
14.8214
14.6059
14.7762
14.6745
14.5073
14.6431
14.3991
14.8088
14.5213
14.8152
15.0963
14.9083
14.6512
14.2254
14.5873
14.4544
14.5958
14.6262
14.5846
14.7058
14.6192
14.3214
14.6668
14.6783
14.6835
14.6138
14.4506
14.3319
14.3418
14.6378
14.6613
14.4922
14.849
14.8135
14.5919
14.5959
14.7571
14.911
14.4463
15.0368
14.6438
14.8144
14.5367
14.5675
14.872
14.5933
14.5504
14.6241
14.5213
14.6057
14.7714
14.4451
14.5119
14.7875
14.5281
14.5659
14.9598
14.3751
14.6438
14.5857
14.8984
14.5859
14.6288
14.4395
14.43
14.9563
14.5835
14.4366
14.7231
14.5554
14.7322
14.6773
14.8167
14.6746
14.4608
14.6664
14.5739
14.6768
14.7259
14.729
14.6234
14.8417
14.6672
14.5808
14.5556
14.791
14.7927
14.4141
14.4996
14.7957
14.7471
14.5096
14.8696
14.6343
14.5863
14.6677
14.39
14.6716
14.756
14.6396
14.6448
14.4664
14.6508
14.5891
14.4151
14.7771
14.7815
14.4296
14.816
14.7066
14.2107
14.4606
14.7434
14.5368
14.7307
14.7546
14.6514
14.5545
14.536
14.6287
14.7233
14.7682
14.7247
14.7034
14.687
14.9602
14.8699
14.4568
14.5043
14.4052
14.496
14.7719
14.7836
14.4487
14.5656
14.8586
14.7572
14.9473
14.4664
14.3915
14.88
14.8209
14.8853
14.909
14.6192
14.8681
14.584
14.625
14.7763
14.4722
14.6585
14.5203
14.7061
14.7008
15.0013
14.873
14.6543
14.1994
14.6678
14.7007
14.6596
14.9815
14.4595
14.5191
14.4755
14.5373
14.6506
14.4269
14.5124
14.6755
14.604
14.8524
14.842
14.9983
14.7913
14.6994
14.7567
14.5227
14.5914
14.6998
14.8599
15.2887
14.4941
14.8204
14.8356
14.7885
14.4354
14.3455
14.7799
14.6666
14.7048
14.614
14.6101
14.5166
14.8777
14.4503
14.7784
14.7199
14.9182
14.6799
15.0043
14.9407
14.5594
14.6941
14.7686
14.3158
14.8199
14.7362
14.7569
14.8805
14.6854
14.6988
14.754
14.7816
14.4757
14.4451
14.5468
14.5871
14.6863
14.8846
14.144
14.7914
14.7205
14.6515
14.6746
14.5441
14.964
14.7905
14.6584
14.2767
14.6331
14.6289
14.8436
14.6635
14.8349
14.3409
14.6052
14.8451
14.7672
14.8005
14.6011
14.7348
14.8577
14.4287
14.3438
14.5609
14.8774
14.7561
14.7374
14.3861
14.5121
14.6802
14.2888
14.6385
14.5022
14.3582
14.5802
14.6935
14.79
15.0468
14.7315
14.8849
14.5615
14.6275
14.6879
14.4522
14.8274
14.7016
14.4709
14.5959
14.7227
14.8225
14.6064
14.6285
14.981
14.6361
14.5731
14.6755
14.7553
14.6291
14.5105
14.5895
14.7338
14.749
14.8632
14.3994
14.8261
14.7221
14.6477
14.6713
14.5906
14.5626
14.7223
14.3915
14.704
14.504
14.6667
14.7029
14.6639
14.5415
14.7317
14.7806
14.7324
14.2815
14.998
14.6403
14.3855
14.6658
14.4901
14.6556
14.6837
14.7155
14.7555
14.4937
14.6669
14.8085
14.6181
14.9323
14.6815
14.698
14.4992
14.9061
14.8506
14.5725
14.3755
14.7391
14.5896
14.3825
14.7969
14.6621
14.8419
14.7591
14.7413
14.5336
14.5237
14.402
14.7057
14.8081
14.8026
15.0033
14.6712
14.6955
14.5077
14.8758
14.657
14.91
14.4513
14.867
14.8348
14.628
14.5845
14.7509
14.421
14.6649
14.6138
14.5388
14.6725
14.5521
14.8874
14.5659
14.3135
14.725
14.8964
14.5722
14.4308
14.7084
14.5604
14.6748
14.4056
14.4974
14.8403
14.6057
14.871
14.584
14.5619
14.5761
14.8438
14.9188
14.6346
14.6258
14.592
14.9309
14.6388
14.7834
14.3952
14.5263
14.8246
14.7445
14.5863
14.7466
14.5529
14.586
14.4688
14.2709
14.6572
14.5981
14.6799
14.563
14.9154
14.6316
14.5585
14.6419
14.5534
14.5509
14.9261
14.7681
14.7938
14.5005
14.4507
14.5004
15.0332
14.9131
14.7156
14.7974
14.4772
14.7745
14.6498
14.3992
14.7721
14.692
14.595
14.7606
14.705
14.4785
14.8045
14.5693
14.9793
14.6192
14.6769
14.5598
14.9334
14.8047
14.8445
14.6783
14.8556
14.5999
14.3666
14.6803
14.5571
14.7303
14.303
14.7023
14.8081
14.5978
14.5257
14.7065
14.8191
14.4933
14.3822
14.7537
14.5221
14.5083
14.598
14.5942
14.7187
14.7812
14.9331
14.6229
14.5083
14.4556
14.8929
14.8905
14.7138
14.9517
14.6631
14.6389
14.4335
14.7547
14.6838
14.8101
14.7322
14.6816
14.6906
14.5921
14.6406
14.7595
14.7934
14.6353
14.7361
14.8235
14.4648
14.7157
14.7064
14.7527
14.6497
14.7049
14.6921
14.288
14.6793
14.42
14.4582
14.8094
14.6108
14.9325
14.8487
14.4034
14.8372
14.6164
14.4961
14.9267
14.5955
14.8807
14.834
14.8394
14.3309
14.65
14.5178
14.7078
14.4516
14.6386
14.6531
14.7914
14.4836
14.5843
14.5056
14.6215
14.6234
14.8057
14.797
14.7522
14.5574
14.8535
14.8097
14.4687
14.8548
14.6178
14.8906
14.8857
14.8259
14.6392
14.8366
14.809
14.761
14.4161
14.7281
14.6649
14.6629
14.8243
14.8902
14.8741
14.7051
14.733
14.5466
14.8072
14.7558
15.0097
14.7295
14.7089
14.7835
14.8301
14.5822
14.623
14.7101
14.5654
14.6595
14.9229
14.296
14.9277
14.8823
14.701
14.8422
14.5795
14.5043
14.6473
14.8913
14.5604
14.6153
14.836
14.3857
14.4748
14.6089
14.6097
14.7277
14.66
14.5327
14.5746
14.7091
14.3615
14.9692
14.7194
14.6529
14.672
14.735
14.5555
14.7074
14.4565
14.7908
14.442
14.5998
14.8393
14.4635
14.8157
14.7323
14.8657
14.6373
14.7459
14.8461
14.6
14.6948
14.2587
14.752
14.5873
14.6135
14.6338
14.6326
14.8818
14.5501
14.4791
14.6464
14.376
14.6141
14.819
14.666
14.6356
14.742
14.8115
15.092
14.7948
14.8721
14.6701
14.7658
14.752
14.732
14.6062
14.4368
14.5189
14.8756
14.4136
14.4061
14.4461
14.8443
14.5723
14.5238
14.6272
14.6069
14.6801
14.3405
14.4746
14.4012
14.9131
14.8316
14.522
14.6109
14.654
14.604
14.8519
14.8391
14.1758
14.6204
14.93
14.8411
14.61
14.417
14.5342
14.4707
14.6847
14.5201
14.6349
14.8171
14.8225
14.5315
14.6225
14.5302
14.485
14.6912
15.0142
14.6019
14.7792
14.2713
14.6162
14.7159
14.6472
14.6248
14.5071
14.5417
14.8211
14.645
14.5797
14.8717
14.9697
14.567
14.4755
14.2633
14.4526
14.4688
14.6539
14.6453
14.4785
14.7487
14.8557
14.8845
14.6418
14.7747
14.776
14.7771
14.6337
14.7644
14.6347
14.5412
14.9139
14.9008
14.864
14.5563
14.6925
14.7899
14.7818
14.3802
14.6808
14.4432
14.9288
14.7847
14.6659
14.5244
14.5599
14.6179
14.7304
14.8405
14.7633
14.5628
14.7696
14.8136
14.6713
14.8786
14.7365
14.8144
14.9475
14.919
14.5525
14.6195
14.6405
14.9492
14.7004
14.4616
14.9476
15.0858
15.1302
14.5875
14.4283
14.4895
14.7469
14.7103
14.6174
14.4642
14.7564
14.5261
14.9637
14.6777
14.7381
14.5259
14.8593
14.9127
14.6897
14.5935
14.817
14.6354
14.5901
14.5017
14.8036
14.598
14.9846
14.6261
14.8402
14.3085
14.8634
14.4696
14.6923
14.6388
14.8291
14.6878
14.5509
14.5681
14.5229
14.6208
14.6827
14.6106
14.6813
14.612
14.6302
14.8236
14.8537
14.8498
14.5519
14.7311
14.6527
14.8276
14.4497
14.489
14.6696
14.8065
14.7779
14.4087
14.6199
14.4882
14.5806
14.7083
14.3983
14.4196
14.585
14.4588
14.7011
14.7076
14.6616
14.5803
14.9044
14.4101
14.7177
14.7035
14.6596
14.6192
14.6986
14.7161
14.659
14.362
14.6833
14.4805
14.6621
14.3264
14.5521
14.6837
14.8182
14.8556
14.6476
14.6675
14.4301
14.7638
14.8542
14.6439
14.3862
14.9015
14.6568
14.7153
14.8113
14.3049
14.6177
14.0561
14.5458
14.5348
14.7327
14.8322
14.5676
14.6849
14.7729
14.753
15.0241
14.5437
14.4371
14.4319
14.7865
14.5186
14.7751
14.5299
14.6648
14.7202
14.8739
14.5401
14.469
14.6398
14.7441
14.6962
14.8273
14.5005
14.5574
14.3892
14.7427
14.5285
14.7075
14.3952
14.7208
14.8052
14.8234
14.8405
14.6031
14.79
14.7093
14.765
14.4683
14.6822
14.6584
14.8392
14.5798
14.8112
14.795
14.2286
14.7227
14.3472
14.8921
14.6901
14.8849
14.7369
14.8298
14.7633
14.7725
14.4146
14.51
14.8251
14.9256
14.5429
14.6496
14.8523
14.9969
14.2492
14.5525
14.3478
14.387
14.7694
14.4184
14.7526
14.6466
14.729
14.6679
14.362
14.3976
14.6486
14.8273
14.4557
14.5895
14.6465
14.9368
14.7119
14.5352
14.9392
14.7142
14.7836
14.9577
14.8535
14.7684
14.4452
14.4481
14.6343
14.8358
14.7323
15.1269
14.4776
14.8098
14.5746
14.9977
14.3652
14.65
14.344
14.5893
14.7578
14.6939
14.581
14.8454
14.3168
14.4038
14.2881
14.4098
14.6619
14.5125
14.5272
14.6541
14.6041
14.7657
14.5996
14.6675
15.1015
14.8275
14.9653
14.5898
14.7011
14.5162
14.5079
14.4791
14.4944
14.3389
14.5739
14.9071
14.5248
14.6676
14.8686
14.4784
14.6911
14.9334
14.6298
14.4007
14.6596
14.8174
14.8789
14.5447
14.5168
14.4808
14.7153
14.561
14.6018
14.9454
14.6373
14.5875
14.8455
14.9361
15.0907
14.7698
14.5614
14.8113
14.5275
14.7956
14.7274
14.6782
14.4863
14.6028
14.4875
14.6803
14.4091
14.6695
14.5628
14.8393
14.7547
14.6652
15.0458
14.345
14.7513
14.7585
14.7811
14.6684
14.3255
14.9508
14.3999
14.6189
14.5944
14.7339
14.8507
14.6813
14.6599
14.8375
14.603
14.9392
14.7636
14.7151
14.7805
14.6281
14.6074
14.725
14.6761
14.6858
14.5539
14.8604
14.6613
14.585
14.6799
14.6003
14.6577
14.6983
14.5439
14.6158
14.9056
14.7226
14.938
14.7721
14.6193
14.6043
14.8854
14.747
14.8683
14.6275
14.7402
14.6775
14.8948
14.5597
14.4316
14.9824
14.8171
14.9521
14.4313
14.4735
14.6344
14.46
14.3619
14.3859
14.7339
14.589
14.8355
14.485
14.4991
14.8567
14.6495
14.4461
14.7972
14.5826
14.9269
14.8041
14.8147
14.8431
14.7254
14.581
14.8437
14.8157
14.7102
14.6566
14.7988
15.015
15.1285
14.7888
14.7218
14.6963
14.4795
14.5165
14.0454
14.571
14.6561
14.5889
14.6271
15.0706
14.4207
14.4984
14.5423
14.475
14.6925
14.8113
14.5587
14.6442
14.5302
14.6154
14.1642
14.4538
14.2459
14.758
14.7284
14.3951
14.4865
14.707
14.5987
14.5309
14.2919
14.9365
14.4619
14.5566
14.5316
14.8043
14.8097
14.5295
14.5904
14.4876
14.3452
14.6411
14.7346
14.6
14.842
14.865
14.731
15.0262
14.7247
14.7199
14.4138
14.2088
14.7476
14.8388
14.7489
14.6817
14.2643
14.8993
14.6024
14.6716
14.5079
15.0322
14.5099
14.3614
14.6964
14.8927
14.8605
14.5243
14.8927
14.5217
14.565
14.6917
14.6776
14.4865
14.5172
14.7574
14.4732
14.7359
14.6799
14.5512
14.726
14.5674
14.5275
14.8809
14.7093
14.8867
14.6942
14.7959
14.9932
14.6544
14.572
14.8814
14.6216
14.8778
14.6434
14.7507
14.7726
14.6043
14.8629
14.6081
14.6643
14.5025
14.4085
14.7193
14.447
14.3339
14.6372
14.647
14.9106
14.5564
14.3943
14.3882
14.4762
14.609
14.5722
14.7571
14.6567
14.8597
14.6909
14.5689
14.3621
14.542
14.5655
14.6797
14.7056
14.5893
14.4766
14.5505
14.573
14.6995
14.6962
14.4594
14.5395
14.4416
14.7978
14.7837
14.7372
14.6091
14.6208
14.8465
14.7368
14.6846
14.4435
14.6451
14.8791
14.8987
14.8954
14.2608
14.6698
14.5803
14.7454
14.4299
14.5672
14.988
14.769
14.7314
14.5311
14.7265
14.9063
14.6106
14.566
14.6803
14.8758
14.7908
14.3129
14.4984
14.2805
14.4627
14.6895
14.6844
14.6111
14.6316
14.7903
14.8604
14.8783
14.9013
14.8494
14.5853
14.6908
14.7441
14.6947
14.5459
14.7186
14.7051
14.6135
14.5127
14.5378
14.7399
14.7823
14.8771
15.2443
14.6534
14.6796
14.3191
14.7917
14.4208
14.6519
14.7309
15.0362
14.7258
14.889
14.9264
14.9141
14.7541
14.5027
14.7061
14.8133
14.5094
14.7605
14.5654
14.6684
14.8008
14.5184
14.4944
14.5775
14.8319
14.7066
14.6648
14.7571
14.5939
14.584
14.771
14.9851
14.7526
14.5417
14.7447
14.902
14.6385
14.3328
14.4353
14.6457
14.7683
14.6703
14.6384
14.735
14.4727
14.6784
14.595
14.1494
14.4305
14.5852
14.3165
14.6572
14.6555
14.5219
14.5432
14.3638
14.6037
14.7546
14.6977
14.6043
14.8086
14.8182
14.8755
14.4864
14.4285
14.3711
14.5705
14.7964
14.6823
14.6859
14.778
14.6021
14.5777
14.7434
14.8712
14.8807
14.8869
14.7424
14.544
14.6623
14.7414
14.3947
14.4631
14.7343
14.6999
14.5082
14.5813
14.4723
14.6665
15.0444
14.8952
15.025
14.5443
14.9821
14.6727
14.521
14.6418
14.6972
14.7918
14.5449
15.1413
14.5164
14.5328
14.5767
14.4631
14.7302
14.7166
14.6033
14.9923
14.8073
14.5914
14.7612
14.5133
14.4322
14.6014
14.8941
14.669
14.4168
14.3363
14.5553
14.541
14.738
14.7401
14.8976
14.3874
14.7469
14.8822
14.7064
14.7631
14.7069
14.7465
14.914
15.0812
14.7971
14.6436
14.7511
14.7195
14.5538
14.8162
15.0845
14.4013
14.6743
14.6736
14.9898
14.8731
14.5857
14.8197
14.8164
14.4709
14.7073
14.6879
14.8973
14.9267
14.8779
15.0347
14.5602
14.7367
15.0667
14.7917
14.524
14.6497
14.2679
14.5662
14.8469
14.8376
14.6628
15.0969
14.6714
14.6415
14.846
14.6694
14.8371
14.2083
14.4613
14.765
14.9028
14.6387
14.9211
14.8293
14.628
14.6381
14.6204
14.7695
14.5287
14.8955
14.8436
14.8117
14.554
14.5898
14.5944
14.7691
14.8001
14.6028
14.8458
14.7548
14.8251
14.6196
14.9406
14.7735
14.6462
14.6048
14.6704
14.5205
14.4847
14.8022
14.8342
14.3489
14.7703
14.7495
14.8787
14.4938
14.3273
14.4931
14.9869
15.0145
14.6845
14.6006
14.6405
14.3802
14.8512
14.9167
14.5151
14.997
14.7726
14.716
14.4898
14.6061
14.4396
14.6462
14.7435
14.6579
14.7127
14.506
14.8252
14.6394
14.6926
15.0247
15.0094
14.6086
14.6844
14.9343
14.6761
14.8209
14.5629
14.597
14.3507
14.6444
14.8209
14.7496
14.6998
14.7898
14.6576
14.5053
14.3632
14.6802
14.6555
14.6348
14.3922
14.6686
14.6942
14.767
14.7648
14.5004
14.4942
14.5528
14.6215
14.6265
14.6555
14.5298
14.8324
14.5832
14.8325
14.548
15.0749
14.4674
14.7882
14.7084
14.565
14.8761
14.6141
14.6232
14.4521
14.6821
14.7571
14.8718
15.1111
14.3912
14.7415
14.594
14.8905
14.7116
14.6874
14.9035
14.7812
14.5436
14.4769
14.6961
14.6326
14.743
14.687
14.6977
14.4448
14.7765
14.4528
14.341
14.8184
14.5614
14.4538
14.9899
14.7269
14.9358
14.8637
14.6574
14.633
14.8577
14.437
14.5705
14.6027
14.6166
14.5271
14.7446
14.5207
14.3017
14.7181
14.6567
14.3751
14.8552
14.7626
14.8412
14.436
14.7028
14.3811
14.4147
14.4801
14.5707
14.6479
14.7847
14.6169
14.6618
14.8381
14.631
14.6544
14.6198
14.9135
14.7641
14.6524
14.6753
14.3793
14.7641
14.5708
14.711
14.6411
14.3925
14.6458
14.68
14.7273
14.7145
14.7355
14.8016
14.4517
14.6046
14.7025
15.1899
14.7626
14.5214
14.9482
14.5243
14.3901
14.8384
14.47
14.9278
14.5312
14.5949
14.3106
14.6309
14.7277
14.302
14.4619
14.4874
14.6829
14.6169
14.786
14.4523
14.7834
14.6119
14.7883
14.7813
14.6979
14.9672
14.5083
14.753
14.7775
14.6106
14.5378
14.5578
14.7806
14.4665
14.9301
14.3295
14.5815
14.5773
14.8779
14.6199
14.5423
14.941
15.0882
14.5141
14.6009
14.4822
15.1028
14.688
14.5792
14.7288
14.7343
14.7535
14.5802
14.7491
14.6147
14.4141
14.9575
14.805
14.7189
14.689
14.7501
14.9583
14.6411
14.7414
14.9059
14.454
14.5209
14.9509
14.682
14.7009
14.7448
14.8422
14.6478
14.8734
14.5272
15.0341
14.8337
14.6973
14.737
14.5657
14.441
14.5455
14.5815
14.5481
14.4082
14.5634
14.646
14.7292
14.6195
14.7801
14.7213
14.7776
14.7082
14.7014
14.7755
14.6133
14.5452
14.6191
14.7157
14.6166
14.6978
14.4414
14.3568
14.4024
14.5512
14.6
14.5397
14.5005
14.9472
14.7327
14.6719
14.8602
15.0287
14.6857
14.6561
14.9402
14.5445
14.7104
14.7645
14.6607
14.74
14.5175
14.6133
14.7897
14.5422
14.629
14.5236
14.7186
14.5716
14.9447
14.5477
14.4117
14.5798
14.7142
14.6653
14.8823
14.7847
14.6165
14.5641
15.0003
14.6605
14.4654
15.051
14.8197
14.6477
14.8095
14.5893
14.756
14.7853
14.6415
14.6369
14.5969
14.6042
14.9871
14.6324
14.4924
14.5581
14.745
14.7561
14.6773
14.9535
14.3674
14.6485
14.4661
14.2515
14.4068
14.5169
14.53
14.733
14.6723
14.6518
14.6018
14.5992
14.8571
14.9833
14.9173
14.9465
14.898
14.76
14.686
14.267
14.5121
15.09
14.6769
14.5607
14.641
14.5069
14.7787
14.3029
14.4956
14.3595
14.7069
14.6409
14.7366
14.9998
14.5517
14.4939
14.6287
14.5378
14.7623
14.6482
14.5354
14.7373
14.4121
14.6341
14.6468
14.5672
14.4769
14.8792
14.6973
15.1341
14.6222
14.3891
14.6662
14.7
14.5066
14.7955
14.6665
14.5006
14.8982
14.5227
14.4412
14.8113
14.5576
14.8373
14.431
14.7843
14.6962
14.6417
14.6226
14.5271
15.0587
14.5792
14.6446
14.8392
14.6727
14.5825
14.3909
14.3852
14.3683
14.6681
14.9713
14.6357
14.6701
14.457
14.719
15.0496
14.8818
14.8138
14.7142
14.7057
14.4087
14.8176
14.7124
14.4323
14.6838
14.6467
14.6752
14.7475
14.6232
14.4744
14.3276
14.5608
14.6225
14.8931
14.6656
14.9271
14.7406
14.6655
14.6537
14.6248
14.563
14.4689
14.5427
14.5365
14.4995
14.785
14.7661
14.5468
14.8547
14.51
14.3412
14.4721
14.4997
14.7572
14.7192
14.6391
14.7091
14.591
14.7302
14.676
14.3249
14.6323
14.8089
14.7015
14.8206
14.922
14.5494
15.0376
14.7856
14.3181
14.399
14.5824
14.6894
14.9009
14.8842
14.9101
14.7758
14.6548
14.658
14.5768
14.6131
15.0043
14.747
14.8747
14.6858
14.5325
14.4576
14.5588
14.8257
14.821
14.5816
14.5977
14.7344
14.7825
14.3027
14.7205
14.5886
14.829
14.6439
14.8033
14.7319
14.6352
14.5998
14.8088
14.5824
14.8662
14.6932
14.888
14.6674
14.7577
14.5905
14.8123
14.3607
14.7618
14.5183
15.0721
14.6572
14.5795
14.5171
14.9079
14.7071
14.6358
14.7852
14.4441
14.9645
14.7529
14.4574
14.5017
14.6289
15.0511
14.4812
15.0385
14.4734
14.4851
14.7499
14.5984
14.7097
14.8061
14.6253
14.2874
14.8227
14.9248
14.6738
14.8481
