14.4326
14.6444
14.7715
14.6388
14.8426
14.7533
14.7565
14.6434
14.4548
14.9122
14.6407
14.7632
14.8055
14.6982
14.7967
14.6027
14.8597
14.7956
14.9132
14.6085
14.7476
14.5765
14.7506
14.4063
14.7416
14.6457
14.8413
14.4326
14.3457
14.2693
14.5153
14.8409
14.7335
14.7616
14.4901
14.4331
14.8829
14.6557
14.7719
14.5518
14.739
14.4814
15.0487
14.762
14.5723
14.9247
14.8178
14.2441
14.6395
15.142
14.5731
14.4274
14.7761
14.5899
14.3953
14.8096
14.8477
14.6275
14.8672
14.787
14.5025
14.4855
14.6142
14.4224
14.6281
14.7963
14.5646
14.476
14.6126
14.8728
14.8105
14.4783
14.2974
14.8984
14.5841
14.912
14.8557
14.7311
14.6758
14.5586
14.4564
14.6699
14.7281
14.6654
14.5446
14.8456
14.8577
14.6447
14.5627
14.6148
14.8624
14.4278
14.9696
14.6007
14.7352
14.617
14.7784
14.4826
14.7859
14.6174
15.0178
14.8779
14.9438
14.8641
14.7972
14.844
14.9069
14.5478
14.8349
14.846
14.9785
14.7027
14.6459
14.7488
14.9469
14.8134
14.4182
14.4363
14.6976
14.5559
14.4834
14.7779
14.589
14.8599
14.5628
14.6991
14.9443
14.5981
14.3189
14.5567
14.8517
14.4479
14.9094
14.615
14.8182
14.4869
14.6045
14.4936
14.7924
14.5346
14.5065
14.7254
14.4485
14.8362
14.853
14.6443
14.6575
14.9584
14.6602
14.4723
14.3717
14.7138
14.5675
14.4923
14.6116
14.6112
14.8037
14.5819
14.5597
14.7405
14.7931
14.6483
14.8559
14.7373
14.555
14.2852
14.5144
14.93
14.853
14.5236
14.8383
14.532
14.5881
14.7426
14.6687
14.6891
14.7184
14.7017
14.6985
14.6039
14.6471
14.7533
14.8169
14.3405
14.7847
14.9758
14.7413
14.5671
14.5227
14.7648
14.6226
14.4181
15.1152
14.7901
14.5846
14.6712
14.9955
14.5772
14.7005
14.4204
14.9086
14.7168
14.4293
14.3807
14.6741
14.7758
14.5253
14.7108
14.5232
14.8902
14.6526
14.4822
14.4941
14.9458
14.831
14.5751
14.5815
14.5651
14.9278
14.6147
15.061
14.4165
14.7793
14.8462
14.6492
14.6387
14.7628
14.8148
15.0165
14.7569
14.6491
14.9636
14.917
14.192
14.811
14.4362
14.7356
14.5063
14.9426
14.6975
14.7363
14.734
14.9846
14.7496
14.739
14.679
14.4015
14.8235
14.6575
14.7304
14.9285
14.4758
14.7519
14.472
14.7147
14.5939
14.6218
14.5693
14.6469
14.4284
14.4833
14.9161
14.758
14.6646
14.5864
14.8497
14.6359
14.8818
14.7017
14.9438
14.871
14.3493
14.4939
14.6519
14.6972
14.5174
14.2683
14.7295
15.1095
15.0189
14.3967
14.7645
14.7266
14.6968
14.5618
14.6544
14.7362
14.6321
14.7671
14.8303
14.5897
14.7218
14.6812
14.6891
14.5873
14.606
14.4304
14.6342
14.6016
14.0886
14.3215
14.7962
14.7831
14.8559
14.9586
14.5932
14.7245
14.4061
14.5344
14.6423
14.6414
14.6404
14.9145
14.7434
14.6588
14.5673
14.7091
14.6942
14.3746
14.4999
14.6219
14.7448
14.8484
14.6412
14.7966
14.3897
14.4292
14.7129
14.616
14.4502
14.7712
14.8043
14.5096
14.6491
14.7541
14.8419
14.4115
14.7552
14.8533
14.6961
14.7702
14.7257
14.2508
14.5698
14.701
14.4989
14.7011
14.8404
14.5584
14.7368
14.5575
14.6659
15.0839
14.7308
14.5123
14.6648
14.4905
14.5825
14.5883
14.8396
14.5477
14.808
14.6458
14.476
14.8451
14.6916
14.2792
14.459
14.4949
14.9242
14.6687
14.6753
14.5794
14.7349
14.8491
14.919
14.6313
14.6476
14.1274
14.4303
14.6289
14.749
14.565
14.4042
14.4569
14.7094
14.6206
14.7794
14.3632
14.7098
14.4323
14.5435
14.7089
14.7414
14.5065
14.5628
14.7496
14.5354
14.4555
14.8017
14.9958
14.6753
14.9237
14.3455
14.7111
14.4754
14.5263
14.5217
14.3661
14.481
14.6381
14.6641
14.5841
14.846
14.5293
14.6909
14.7673
14.5893
14.4437
14.6376
14.9232
14.765
14.6873
14.3765
14.5259
14.7981
14.5878
14.6764
14.625
14.5125
14.4867
14.6708
14.9255
14.6509
14.5721
14.612
14.609
14.6861
14.5745
14.7255
14.6381
14.8006
14.3731
14.7328
14.9335
14.5498
14.8767
14.6532
14.8314
14.7806
14.9687
14.669
14.8538
14.8848
14.7457
14.7734
14.925
14.619
14.6069
14.8304
14.7583
14.2445
14.5218
14.4989
14.65
14.4781
14.6282
14.9658
14.7853
14.572
14.6829
14.6548
14.6934
14.7165
14.8342
14.7186
14.4543
14.7441
14.7083
14.5216
14.8387
14.2979
14.6561
14.7275
14.5352
14.795
14.5834
14.5928
14.5049
14.7891
14.9266
14.8704
14.8013
14.6857
14.6003
14.8625
14.747
14.5144
14.4041
14.3564
14.4763
14.9677
14.7941
14.8013
14.8891
14.8215
14.6355
14.6613
14.8128
14.5459
14.6038
14.9118
14.5109
14.6593
14.7094
14.3713
14.6336
14.6264
14.8041
14.4347
14.8092
14.5991
14.2807
14.6999
14.8663
14.8274
14.7238
14.6303
14.7289
14.5142
14.8914
14.4882
14.8351
14.7149
14.6726
14.8056
14.5474
14.7859
14.7251
14.6015
14.7493
14.6825
14.652
14.6566
14.4888
15.0021
14.5444
14.524
14.7688
14.8222
14.6233
14.5654
14.623
14.6587
14.8113
14.5116
14.4867
14.7304
14.6559
14.6407
14.6393
14.8935
14.8525
14.4223
14.5484
14.7937
15.0231
14.4678
15.0211
14.6093
14.7033
14.3977
14.5724
14.7881
14.7437
14.5272
14.9697
14.6997
14.2963
14.3885
14.7214
14.5443
14.4938
14.9451
14.6764
14.4983
14.7645
14.6984
15.0873
14.591
14.7576
14.7059
14.6504
14.7063
14.8455
14.7304
14.8825
14.6901
14.7676
14.3573
14.5625
14.3681
15.0244
14.3771
14.5611
14.5575
14.5982
14.3557
14.6514
14.5239
14.5496
14.8343
14.5983
14.7164
14.5026
15.1148
14.4792
14.5757
14.7187
14.8642
14.7257
14.5382
14.4961
14.5433
14.7174
14.7397
14.7345
14.5791
14.6924
14.5927
14.5059
14.7969
14.4956
14.6869
14.3231
14.3512
14.5313
14.4118
14.7546
14.7369
14.7239
14.5566
14.7048
14.7961
14.4192
14.8152
14.5608
14.9501
14.4069
14.3817
15.0648
14.6426
14.7433
14.8567
14.645
14.7366
14.6287
14.7817
14.5778
14.7253
14.5339
14.6708
15.0079
14.878
14.9309
14.7106
14.6159
14.6098
14.788
14.7608
14.7155
14.5272
14.1123
14.7043
14.4141
14.6299
14.5266
14.7496
14.6631
14.6841
14.6312
14.6179
14.6611
14.757
14.5112
14.9797
14.7418
14.6466
14.8599
14.6122
14.7227
14.5814
14.6516
14.6875
14.9201
14.5759
14.3465
14.8549
14.7171
14.6219
14.7999
14.564
14.9062
14.8283
14.4443
14.7081
14.817
14.5736
14.8017
14.6962
14.4932
14.5219
14.7456
14.4816
14.578
14.6686
14.6043
14.3831
14.4788
14.5777
14.924
14.5315
14.2341
14.6639
14.935
14.6365
14.6239
14.4723
14.8043
14.6165
14.6124
14.3986
14.735
14.6669
14.7615
14.617
14.7074
14.484
14.6001
14.5307
14.776
14.7762
14.2462
14.8832
14.687
14.7584
14.9243
14.5706
14.8744
14.8362
14.7013
14.616
14.832
14.7553
14.8193
14.6137
14.4015
14.5003
14.8044
14.3696
14.4792
14.3163
14.4948
14.6501
14.7247
14.5854
14.5978
14.34
14.6492
14.4278
14.7869
14.5305
14.755
14.5544
15.1182
14.8594
14.3457
14.5742
14.7368
14.5441
14.6419
14.6683
14.6899
14.545
14.5422
14.9299
14.4904
14.3904
14.721
14.8537
14.9347
14.6141
14.9804
14.6042
14.4725
14.7952
14.6866
14.7463
14.696
14.7964
14.3768
14.7938
14.705
14.7482
15.0089
14.7931
14.7307
14.6399
14.6969
14.773
14.3915
14.7996
15.0022
14.8965
14.357
14.4753
14.7343
14.8051
14.634
14.8946
14.7303
14.7257
14.6873
14.7799
14.8023
14.6435
14.4805
14.8097
14.6802
14.7075
14.8402
14.6095
14.5579
14.4791
14.9214
14.8646
14.7231
14.7075
14.7947
14.5305
14.5887
14.6501
14.5103
14.7659
14.4118
14.4077
14.9188
14.6482
14.6321
14.5754
14.5278
14.6017
14.6399
14.4908
14.5826
14.7929
14.7298
14.7358
14.626
14.5383
14.383
14.7079
14.6241
14.5206
14.3403
14.6206
14.5077
14.6825
14.91
14.8703
14.5068
14.5035
14.7082
14.7343
14.6387
14.8121
14.6021
14.9571
14.8317
14.7526
14.7607
14.4188
14.4411
14.5125
14.4528
14.6076
14.3988
14.8931
14.4816
14.4159
14.8007
14.8443
14.7916
14.5299
14.9014
14.8609
14.909
15.053
14.9888
14.7231
14.5259
14.6573
14.6289
14.413
14.5366
14.47
14.9887
14.3835
14.4355
14.4707
14.7764
14.8281
14.6727
14.3721
14.6503
14.3632
14.6522
14.8218
14.8775
14.6832
14.3484
14.7117
14.9305
14.8097
14.6319
14.6013
14.8924
14.8523
14.838
14.3874
15.0061
14.431
14.4866
14.5087
14.7842
14.7162
14.6184
14.9148
14.5556
14.4522
14.8151
14.5012
15.0843
14.7112
14.5145
14.6542
14.583
14.6497
14.5734
14.3312
14.7183
14.8664
14.7595
15.0252
14.3584
14.4786
14.847
14.9229
14.8156
14.7613
14.3124
14.7512
14.4513
14.525
14.5822
14.6766
14.568
14.3524
14.7157
14.7785
14.307
14.8089
14.8449
14.5586
14.6402
14.5258
14.9678
14.5114
14.473
14.9285
14.6476
14.6027
14.8325
14.6546
14.8557
14.6695
14.3741
14.5704
14.8759
14.7474
14.619
14.8148
14.3798
14.3293
14.4425
14.7296
14.2464
14.7136
14.6249
14.9839
14.4846
14.6496
14.4496
14.265
14.6841
14.6184
14.7373
14.6337
14.7813
14.6706
15.1451
14.9449
14.9502
14.6675
14.5482
14.479
14.5442
14.8584
14.7012
14.4848
14.7322
14.6322
14.7801
14.5986
15.0361
14.5131
14.8639
14.4084
14.4893
14.9693
14.6428
14.7371
14.6528
14.8414
14.3965
14.9142
14.8232
14.6702
14.4004
14.4754
14.6512
14.7909
14.7507
14.6386
14.5668
14.6257
14.8425
14.6411
14.4062
14.9637
14.1827
14.9402
14.3546
14.8069
14.6062
14.8238
14.4604
14.8771
14.7253
14.7113
14.6642
14.5785
14.8172
14.8086
14.6209
14.6765
14.8027
14.3753
14.6293
14.7342
14.6599
14.8432
14.7496
14.9207
14.7726
14.5025
14.8458
14.3207
14.8327
14.868
14.4621
14.5208
14.5917
14.3817
14.4669
14.7841
14.6905
14.6654
14.5166
14.5186
14.8063
14.8057
14.5167
15.0559
14.3872
14.8066
14.7028
14.633
14.8734
14.7815
14.6531
14.5136
14.3153
14.4739
14.3923
14.6433
14.7092
14.7478
14.8005
14.629
14.7022
14.5134
14.673
14.4746
14.7262
14.5713
14.6523
14.5026
14.621
14.3944
14.7016
14.6087
15.0889
14.8174
15.0782
14.2436
14.6477
14.4952
14.6104
14.7836
14.9162
14.6436
14.5713
14.5433
14.8581
14.6138
14.8872
14.4827
14.4482
14.8813
14.4788
14.9698
14.9182
14.6167
14.7913
14.7283
14.6896
14.6354
14.6116
14.6502
14.5035
14.7332
14.7236
14.4493
14.582
14.7033
14.6212
14.7974
14.5418
14.7497
14.6875
14.9283
14.5533
14.6204
14.6349
14.8966
14.7816
14.9547
14.4465
14.5143
14.6587
14.7519
14.7157
14.8083
14.7803
14.4306
14.4696
14.7185
14.3371
14.9382
14.3924
14.5659
14.9089
14.7797
14.485
14.4966
14.7342
14.8362
14.6056
14.3948
14.7676
14.5806
14.8103
14.7734
14.7662
14.7931
14.6553
14.8597
14.6798
14.7849
14.563
14.7027
14.6905
14.8435
14.7122
14.9256
14.5452
14.8216
14.408
14.9229
14.3611
14.7764
14.5656
14.558
14.4734
14.5471
14.7691
14.7335
14.4839
14.4629
14.3847
14.4711
14.4943
14.9464
14.5967
14.3376
14.627
14.7908
14.6809
14.6527
15.074
14.3214
14.5998
14.5242
14.7694
14.562
14.6499
14.6143
14.7612
14.4569
14.6783
14.7537
14.5795
14.8061
14.622
14.7005
14.389
14.5539
14.835
14.6276
14.7596
14.5154
14.7364
14.6182
14.8399
14.9172
14.7631
14.5304
14.8293
14.7653
14.793
14.632
14.8115
14.8375
14.67
14.5658
14.4542
14.7216
14.6106
14.573
14.8107
14.9468
14.7724
14.5061
14.7894
14.3307
14.5749
14.7903
14.676
14.5956
14.7616
14.8054
14.7478
14.5528
14.6223
14.5567
14.7447
14.7466
14.5409
14.5625
14.6904
14.5745
14.8073
14.5841
14.8483
14.5529
14.6362
14.8082
14.7926
14.6779
14.4559
14.6852
14.6896
14.9083
14.8251
14.7336
14.7426
14.7136
14.8604
14.7586
14.8809
14.9033
14.7206
14.6533
14.6376
14.4676
14.5415
14.4732
14.6567
14.7678
14.5928
14.8828
14.7587
14.3569
14.8977
14.5639
14.7705
14.5744
14.3895
14.2797
14.5479
14.4767
14.5161
14.8334
14.3178
14.6913
14.5311
14.6503
14.4932
14.5493
14.8008
14.5934
14.719
14.3568
14.4124
14.5441
14.6807
14.5602
14.6887
14.2842
14.4895
14.5335
14.6063
14.5566
14.3759
14.7043
14.8
14.8645
14.278
14.6997
14.6878
14.9557
14.7701
14.9646
14.5929
14.5541
14.7075
14.9447
14.6159
14.7762
14.8089
14.7452
14.5083
14.4824
14.451
14.5827
14.8211
14.4199
14.5448
14.8218
14.7761
14.7275
14.881
14.7222
14.7503
14.5677
14.9246
14.3561
14.5283
14.7361
14.5776
14.7141
14.7761
14.5682
14.6519
14.5504
14.5488
14.6366
14.4979
14.839
14.422
14.6296
14.6803
14.8364
14.7706
14.6982
15.054
14.7142
14.704
14.8369
14.6362
14.6361
14.7483
14.6429
14.4077
14.6792
14.8578
14.8285
14.5865
14.5822
14.7377
14.899
14.7108
14.5818
14.6863
14.5623
14.564
14.4812
14.7331
15.157
14.4776
14.524
14.5897
14.5674
14.6869
14.8615
14.4821
14.504
14.9066
14.6345
14.7824
14.5873
14.6264
14.6693
14.6486
14.5898
14.8549
14.8229
14.65
14.5945
15.0167
14.433
14.8484
14.6429
14.8873
14.5724
14.6762
14.538
14.8245
14.4189
14.7164
14.6342
14.7403
14.2638
14.2997
14.8748
14.6652
14.9
14.772
14.6799
14.9316
14.9137
14.5178
14.7639
14.7839
14.6511
14.2869
14.5865
14.8148
14.8392
14.8376
14.8938
14.6278
14.6909
14.8162
14.7918
14.5159
14.6903
14.6998
14.6938
14.7237
14.2897
14.9961
14.495
14.5855
14.4562
14.3988
14.4893
14.4811
14.4642
14.8988
14.6086
14.6397
14.661
14.5049
14.5386
14.5218
14.6091
14.6664
14.6724
14.6208
14.4378
14.5868
14.6691
14.8345
14.5935
14.8511
14.6686
14.5159
14.4504
14.592
14.4923
14.552
14.5411
14.6356
14.5553
14.6271
15.0871
14.7442
14.4576
14.6888
14.5848
14.8946
14.2685
14.961
14.6663
14.6579
14.8143
14.7214
14.4033
14.9975
14.4876
14.8663
14.5991
14.4386
14.7279
14.3249
14.6979
14.6846
14.737
14.7427
14.5055
14.4704
14.4871
14.8498
14.4503
14.4475
14.6588
14.6603
14.5286
14.4415
14.5318
14.9574
14.4716
14.6936
14.4788
14.5212
14.5587
15.0327
14.8586
14.3553
14.5504
14.8703
14.5547
14.3942
14.5873
14.6257
14.9595
14.5954
14.8895
14.6772
14.6693
14.3257
14.5856
14.6281
14.4604
14.6033
14.4685
14.8227
14.8399
14.7558
14.7106
14.8947
14.7601
14.7301
14.5949
14.7474
14.3837
14.6397
14.2203
14.7393
14.7551
14.6502
14.5437
14.5537
14.6574
14.5178
14.4075
14.7382
14.881
14.0921
14.8168
14.7495
14.7143
14.4832
14.7264
14.955
14.6942
14.6938
14.7441
14.6886
14.5438
15.2137
14.6312
14.6914
14.597
14.916
14.8335
14.6868
14.7688
14.563
14.8198
14.6533
14.9859
14.3293
14.3125
14.3545
14.9908
14.8407
14.6588
14.8955
14.6145
14.5112
14.4288
14.6233
14.5634
14.6909
14.6058
14.3989
14.5821
14.3155
14.4034
14.758
14.8074
14.5552
14.6817
14.9048
14.604
14.6363
14.5879
14.6382
14.8416
14.6383
14.4723
14.6586
14.8539
14.778
14.6479
14.8747
14.5968
14.8442
14.6841
14.8046
14.6332
14.6149
14.5479
14.5527
14.7212
14.697
14.5515
14.745
14.5831
14.8226
14.9396
15.0416
14.6267
14.4885
14.7192
14.4781
14.8832
14.9146
14.8829
14.6172
14.5642
14.5044
15.0284
14.5175
14.7086
14.8262
14.55
14.6938
14.5877
14.7765
14.6034
14.7812
14.3285
14.3511
14.9064
14.6642
14.4834
14.7954
14.6795
14.6065
14.8851
14.9259
14.3265
14.7841
14.794
14.3168
14.7829
14.6146
14.7477
14.7961
15.0925
14.8324
14.5691
14.6566
14.8003
14.5811
14.7522
15.058
14.6519
14.5749
14.5949
14.619
14.3774
14.5531
14.8608
14.8648
14.5267
14.7447
14.5605
14.7322
14.9838
14.5808
14.6448
14.7838
15.0306
14.5571
14.8969
14.6456
14.3514
15.0068
14.7438
14.6897
14.6994
14.6701
14.5868
14.5783
14.7351
14.5436
14.7507
14.5747
14.7592
14.6211
14.7325
14.6969
14.7753
14.8383
14.3692
14.8212
14.5777
14.6561
14.3581
14.4105
14.5739
14.8826
14.6494
14.4311
14.3961
14.6619
14.8398
14.6272
14.4086
14.673
14.7005
14.7777
14.7022
14.8541
14.5775
14.66
14.3145
14.5223
14.5243
14.6448
14.9357
14.1806
14.6303
14.7925
14.5266
14.5203
14.6418
14.5757
14.497
14.5523
15.0699
14.8364
14.6721
14.5917
14.6129
14.6282
14.9471
14.7549
14.8515
14.4685
14.7306
14.6531
14.7374
14.833
14.7993
14.4939
14.8764
14.7433
14.7477
14.8203
14.655
14.5012
14.7212
14.386
14.709
14.5474
14.4714
14.5152
14.6687
14.5132
14.6265
14.9047
14.9155
14.5698
14.7574
14.6744
14.82
14.6654
14.7327
14.6055
14.7261
14.4891
14.6238
14.7302
14.5547
14.7812
14.6234
14.7527
14.5703
14.8913
14.4327
14.6073
14.4687
14.6124
14.8289
14.7403
15.0561
14.9641
14.573
15.0191
14.7665
14.6739
14.97
14.6231
14.6388
14.7158
14.5413
14.5933
14.8381
14.9639
14.1647
14.5348
14.7372
14.6719
14.5236
14.6636
15.0408
14.7241
14.7178
14.5477
14.4164
14.6509
14.5973
14.7978
14.4576
14.5649
14.675
14.741
14.8051
14.4117
14.5097
14.9032
14.4579
14.7957
14.329
14.6973
14.7855
14.9618
14.9439
14.597
14.759
14.7668
14.9858
14.823
14.8976
14.5869
14.9592
14.5148
14.7899
14.667
14.7852
14.7713
14.847
14.7634
14.5404
14.7588
14.6107
14.6208
14.8507
14.4436
15.0072
14.6941
14.854
14.8907
14.9392
14.4151
14.8318
14.4551
14.6716
14.7401
14.6577
14.634
14.7509
14.4268
14.3895
14.4791
14.3981
14.4722
14.5804
14.5947
14.465
14.6245
14.6962
14.7093
14.8098
14.5979
15.173
14.8516
14.6167
14.7554
14.881
14.7782
14.8082
14.8966
14.5236
14.6141
14.4168
14.8566
14.4568
14.9211
14.8021
14.574
14.8866
14.8722
14.264
14.6601
14.7091
14.469
14.7321
15.1285
14.2531
14.4716
14.6159
14.3327
14.7285
14.4355
14.5983
14.6187
14.6167
14.7269
14.9277
14.651
14.8798
14.7162
14.7442
14.7326
14.6236
14.9589
14.5162
14.8029
14.6433
14.5767
14.6774
14.5973
14.4696
14.6805
14.7192
14.6234
14.457
14.9211
14.7109
14.6105
14.5382
14.4329
14.8089
14.5644
14.5116
14.4792
14.444
14.149
14.5992
14.6544
14.0774
14.4706
14.6134
14.6185
14.5524
14.88
14.6867
14.7317
14.4936
14.4001
14.4523
14.4872
14.5411
14.9801
14.7017
14.3557
14.5394
14.7689
14.7413
14.6317
14.4687
14.7589
15.0346
14.48
14.628
14.9319
14.7438
14.8667
14.8498
14.7379
14.3989
15.0203
14.8362
14.8703
14.5861
14.6111
14.8302
14.8026
14.456
14.6401
14.8019
14.5778
14.3167
14.6904
14.599
14.3985
14.772
14.6003
14.7417
14.6268
14.5685
14.9045
14.6713
14.6041
14.6589
14.7524
14.6376
14.6207
14.5852
14.8344
14.6905
14.5596
14.4718
14.5463
14.4875
14.9011
14.6119
14.6731
14.4455
14.8565
14.5804
14.6485
14.8491
14.7774
14.662
14.6227
14.7147
14.5726
14.5648
14.6339
14.6148
14.634
14.9901
14.5916
14.4111
14.73
14.3768
14.5631
14.4054
14.7237
14.7421
14.5244
14.6651
14.7507
14.9299
14.8057
14.5339
14.6323
14.741
14.3663
14.3596
14.8029
14.7286
14.3179
14.6222
14.6144
14.9323
14.5784
14.4273
14.585
14.5234
14.5935
15.1355
14.2962
14.9843
14.6752
14.654
14.4543
14.675
14.6613
14.7331
14.7711
14.8127
14.8507
14.7712
14.4835
14.8954
14.4481
14.5473
14.7205
14.8165
14.3453
14.7508
14.8203
14.6267
14.5933
14.593
14.5522
14.3814
14.5049
14.9466
14.3247
14.5002
14.6121
14.9059
14.657
14.5703
14.6704
14.5014
14.8409
14.6812
14.696
14.6558
14.5761
14.6313
14.3413
14.8077
14.5495
14.7739
14.6549
14.8097
14.6516
14.8258
14.701
14.6236
14.6243
14.8489
14.5299
14.6406
14.6761
14.4427
14.7895
14.8301
14.6833
15.0777
14.9461
14.7152
14.7894
14.8913
15.1069
14.5809
14.6713
14.7229
14.6719
14.5748
14.7249
14.5658
14.6847
14.505
14.575
14.5699
14.609
14.6491
14.6381
14.6366
14.4106
14.6733
14.5997
14.792
14.5953
14.591
14.3799
14.7245
14.4421
14.8265
14.4745
14.6095
14.621
14.677
14.7759
14.7622
14.5669
14.7013
14.5598
14.5438
14.719
14.5959
14.8012
14.6761
15.0155
14.6394
14.4162
14.6634
14.5886
14.5349
14.6851
14.5204
14.723
14.6564
14.6595
14.8884
14.7405
14.489
14.6201
14.4197
14.6868
14.3876
14.5432
14.4325
14.5603
14.9017
14.514
14.7944
14.6859
14.5578
15.0719
14.7376
14.9538
14.3388
14.7516
14.478
14.4989
14.8956
14.5059
14.7893
14.7039
14.6518
14.7819
14.4912
14.3847
14.5341
14.6482
15.0372
14.6527
14.6603
14.66
14.5394
14.6985
15
14.9173
15.0572
14.7166
14.7668
14.8393
14.4875
14.6444
14.4609
14.895
14.277
14.9586
14.9456
14.6863
14.6692
14.8569
14.7892
14.8486
14.5323
14.8284
14.3434
14.5706
14.7296
14.6226
14.7732
14.5215
14.5163
14.3864
14.649
14.4881
14.6082
14.6758
14.8461
14.6804
14.3561
14.4729
14.7426
14.5229
14.7018
14.9539
14.7875
14.6333
14.6899
14.5205
14.4937
14.6279
14.854
14.5865
14.5828
14.3957
14.8111
14.6171
14.8066
14.3477
14.738
14.5047
14.8037
14.4763
14.9156
14.4288
14.7484
14.9723
14.6486
14.8235
14.5801
14.7449
14.7678
14.656
14.6702
14.7518
14.6715
14.7461
14.6176
14.5928
14.3249
14.6836
14.8022
14.3901
14.4136
14.8767
14.8508
14.8723
14.4889
14.8223
14.5662
14.6211
14.3923
14.8938
14.8245
14.4403
14.5412
14.857
14.3421
14.4385
14.7574
14.7632
14.528
14.6096
14.4036
14.5519
14.7327
14.5831
14.6474
14.5074
14.9227
14.672
15.0445
14.7109
14.9023
14.7582
14.5159
14.6285
14.7083
14.5582
14.6141
14.5954
14.7051
14.5435
14.6101
14.746
14.7548
14.6682
14.879
14.7511
14.5619
14.8099
14.513
15.0137
14.6654
14.792
14.6767
14.7879
14.7106
14.3708
14.8803
14.642
14.5358
14.6331
14.7903
14.73
14.7038
14.4764
14.5719
14.6677
14.7713
14.2602
14.7819
14.5216
14.7273
14.6127
14.8069
14.9647
14.7499
14.7067
15.0481
14.5992
14.6935
14.7951
14.6104
14.4737
14.3272
14.8661
14.788
14.2051
14.6945
14.3909
14.6454
14.8076
14.5012
14.6031
14.3297
14.5202
14.8351
14.6511
14.6539
14.6763
14.8169
14.9744
14.3426
14.4509
14.6949
14.7044
14.7411
14.7922
14.5159
14.4658
14.83
14.5947
14.6162
14.5732
14.6153
14.7186
14.5911
14.7952
14.6367
14.7834
14.5866
14.9763
14.6171
14.624
14.7814
14.3697
14.7076
14.9856
14.6779
14.8261
14.9072
14.8282
14.6433
14.7742
14.8725
15.0197
14.7033
14.636
14.4751
14.5769
14.7806
14.4886
14.4967
14.889
14.8213
14.7965
14.6874
14.3808
14.5757
14.6494
14.4285
14.7289
14.6827
14.5697
14.6499
14.5393
14.7722
14.7489
14.4175
14.3652
14.7754
14.7282
14.5796
14.4495
14.4416
14.4425
14.7669
14.5613
14.7649
14.7908
14.7536
14.4574
14.9535
14.7564
14.5751
14.7987
14.7397
14.6531
14.5384
14.6145
14.7601
14.6152
14.8129
14.5951
14.4805
14.7181
14.6914
14.9345
14.5088
14.8272
14.7297
14.6998
14.98
14.5191
14.4414
14.3931
14.5616
14.7048
14.8495
14.5338
14.188
14.6848
14.8298
14.396
14.6824
14.7468
14.8102
14.5933
14.886
14.9726
14.751
14.9539
14.6283
14.5193
14.4293
14.4817
14.5989
14.6088
14.6439
14.6528
14.4575
14.6869
14.6717
14.5089
14.3848
14.6893
14.722
14.8172
14.8409
14.3506
14.9033
14.841
14.578
14.4525
14.7506
14.6839
14.6135
15.0422
14.8708
14.858
14.836
14.7598
14.8341
14.644
14.4572
14.6868
14.7017
14.6894
14.7441
14.6131
14.6809
14.6591
14.7321
14.6046
14.489
14.5415
14.8069
14.3642
14.4413
14.6578
14.6473
14.7209
14.5085
14.6649
14.7515
14.6654
14.8228
14.6462
14.771
14.8194
14.4996
14.824
14.4379
14.777
14.7488
14.7411
14.3313
14.4019
14.6534
14.8504
14.4105
15.055
14.839
14.7465
14.3752
15.0879
14.7407
14.489
14.5684
14.6849
14.7736
14.6984
14.6555
14.748
14.5256
14.5
14.543
14.7952
14.6991
14.6602
14.3263
14.7796
14.8089
14.4136
14.6855
14.7221
14.9088
14.5397
14.4255
14.79
14.5521
14.6827
14.7557
14.5576
14.6894
14.9887
14.7917
14.1649
14.6114
14.4865
14.8723
14.7564
14.5134
14.69
14.4259
14.3443
14.3958
14.5905
14.4774
14.9285
14.5844
14.9332
14.8091
14.5397
14.7968
14.5667
14.7415
14.6083
14.3811
14.5082
14.6041
14.7291
14.4358
14.8589
14.6284
14.7978
14.5816
14.7889
14.7478
14.4246
14.4761
14.585
14.9983
14.6833
14.6837
15.0478
14.5522
14.637
14.8662
14.6103
14.6329
14.9223
14.5196
14.3519
15.0173
14.6489
14.5678
14.5311
14.6024
14.6104
14.6698
14.3817
14.6198
14.5753
14.453
14.1408
15.0296
14.7689
14.7208
14.6804
14.8257
14.2451
14.7898
14.7268
14.6692
14.5404
14.673
14.512
14.8212
14.9467
14.5041
14.6018
14.7415
14.9303
14.9117
14.5633
14.7222
14.7695
14.7865
14.5967
14.7862
14.6464
14.4244
14.6568
15.1157
14.3729
14.9423
14.661
15.0028
14.7489
14.6934
14.8176
14.4287
14.5654
14.6404
14.8587
14.8491
14.4723
14.4227
14.9181
14.7059
14.6473
15.0715
14.5626
14.7038
14.7127
14.6845
14.9743
14.715
14.8775
14.7373
14.9132
14.3697
14.5925
14.8619
14.8089
14.5596
14.7343
14.8554
14.9278
14.5686
14.6157
14.2142
14.5656
14.6498
14.7522
14.6089
14.5065
14.5154
14.5185
14.9621
14.746
14.4312
14.6776
14.3759
14.767
14.6746
14.5557
14.7231
14.5621
14.6888
14.9065
14.3993
14.7303
14.7245
14.4812
14.718
14.6409
14.7018
14.7309
14.6265
14.6748
14.3079
15.0356
14.5921
14.4515
14.7928
14.7467
14.9451
14.4201
14.4662
14.6617
14.7582
14.6816
14.5646
14.4577
14.7525
14.632
14.5495
14.6943
14.7184
14.7581
14.7076
14.8346
14.6505
14.5025
14.6773
14.6274
14.7511
14.6443
14.6672
14.5928
14.5894
14.3353
14.7599
14.3624
14.7349
14.6651
14.5668
14.5814
14.5762
15.0025
14.4289
14.5492
14.3626
14.7194
14.6223
14.8499
14.9178
14.7688
14.9539
14.7947
14.9979
14.5804
14.5771
15.021
14.656
14.6156
14.4726
14.6045
14.5743
14.5252
14.9125
14.5411
14.4248
14.5401
14.9836
14.5292
14.6778
14.75
14.6496
14.3972
14.5037
14.798
14.5328
14.3855
14.3488
14.7041
14.3671
14.667
14.5485
14.8575
14.64
14.7952
14.6701
14.8652
14.784
14.5829
14.6109
14.8168
14.6702
14.6859
14.6082
14.4994
14.93
14.778
14.6247
14.6574
14.6056
14.4388
14.596
14.5343
14.8742
14.3822
14.5318
14.3403
14.6575
14.9792
14.6959
14.461
14.852
14.4865
14.6249
14.8904
14.4543
14.5351
14.5029
14.8596
14.6663
14.9295
14.5162
14.4567
14.5636
14.5329
14.6804
14.4239
14.7921
14.5681
14.6767
14.5243
14.6851
14.6762
14.7782
14.6663
14.6162
14.5357
14.4778
14.4113
14.7948
14.6116
14.548
14.6259
14.3839
14.5268
14.7254
14.5706
14.6933
14.904
14.8771
14.5203
14.99
14.7362
14.5936
14.5229
14.4915
14.6893
14.5971
14.8965
14.7411
14.6903
14.818
14.8871
14.4727
14.448
14.9244
14.8468
14.6501
14.97
14.7071
14.7049
14.5025
14.7562
14.7297
14.8097
14.5608
14.3835
14.8338
14.3575
14.4317
14.4758
14.8486
14.7641
14.7407
14.5718
14.7315
14.6262
14.8369
14.839
14.4851
14.6939
14.6653
14.6534
14.5942
14.5836
14.5607
14.6416
14.6837
14.6275
14.7287
14.6237
14.4802
14.7416
14.4771
14.4003
14.8836
14.5353
14.7859
14.2135
14.4477
14.6739
14.7404
15.1655
14.9332
14.9128
14.675
14.6869
14.5831
14.5342
14.8369
14.6733
14.1988
14.5992
14.5131
14.7372
14.5403
14.7422
14.3624
14.5433
14.5279
14.6549
14.7988
14.7463
14.5781
14.7174
14.797
14.3702
14.8557
14.7684
14.4951
14.6273
14.8625
14.7865
14.6879
14.5804
14.7061
14.5885
14.8548
14.1696
14.6259
14.9103
14.5636
14.7341
14.4921
14.547
14.8363
14.6685
14.6897
14.6141
14.616
14.7751
14.6387
14.7211
14.4182
14.63
14.695
14.8593
14.5827
14.4666
14.8303
14.5362
14.6646
14.952
14.7959
14.5992
14.9333
14.9229
14.5403
14.7685
14.7777
14.9763
14.9586
14.8012
14.8188
14.5233
14.8794
14.6527
14.4151
14.8581
14.5142
14.8451
14.8652
14.7926
14.682
14.748
14.8022
14.8359
14.6094
14.6385
14.4692
14.7577
14.4389
14.6797
14.9182
14.3641
14.5655
14.8098
14.546
14.6955
14.8019
14.8079
14.4084
14.5751
14.7182
14.6447
14.6453
15.1117
14.5759
14.592
14.5878
14.5233
14.8475
14.8081
14.6987
15.1609
14.8006
14.6213
14.4625
14.3295
14.6049
14.8449
14.7807
14.7281
14.5776
14.7604
14.6723
14.4462
14.6878
14.5245
14.5745
14.6539
14.3671
14.5286
14.7496
14.9217
14.5161
14.3489
14.8766
14.9523
14.7927
14.5473
14.3867
14.8686
14.5388
14.9057
14.8232
14.518
14.5338
14.9097
14.97
14.9439
14.8904
14.5754
14.2738
14.7628
14.6616
14.6519
14.5113
14.6677
14.5167
14.6969
14.7003
15.0068
14.5286
14.6405
14.6153
14.6963
14.7422
14.5933
14.6991
14.9828
14.688
14.6439
14.6359
14.6151
14.3216
14.7425
14.5675
14.7166
14.7094
14.3257
14.5542
14.5723
14.4106
14.9376
14.6926
14.9571
14.6398
14.9356
14.8508
14.7904
15.1472
14.6136
14.7683
14.8181
14.6516
14.4933
14.909
14.7933
14.4309
14.8872
14.7384
14.731
14.3999
14.482
14.4588
14.2644
14.6688
14.8196
14.5431
14.8257
14.6095
14.8197
14.6213
14.6498
14.8108
14.6439
14.8102
14.8826
14.556
14.7569
14.6321
14.8044
14.4259
14.6677
14.2409
14.1723
14.5688
14.579
14.7255
15.0492
14.537
15.0056
14.7319
14.6202
15.1193
14.5007
14.4487
14.3446
14.9279
14.5017
14.8116
14.6799
14.4256
14.7712
14.6989
14.6245
14.8003
14.5845
14.7963
15.0188
14.6537
14.6407
14.5398
14.6044
14.7176
14.5247
14.9334
14.9265
14.5603
14.9931
14.505
14.9047
14.3255
14.6617
14.779
14.884
14.8191
14.6158
14.6423
14.5098
14.8008
14.5641
14.6173
14.4177
14.7487
14.7111
14.9823
14.7863
14.7758
14.5635
14.9589
14.2321
14.8614
14.7607
14.6138
14.7127
14.9145
14.7083
14.6663
14.3625
14.8674
14.6158
14.5197
14.4095
14.6075
14.6862
14.4021
14.4487
14.7178
14.5799
14.4705
14.9104
14.7766
14.6037
14.892
14.6731
14.5978
14.6086
14.8301
14.4525
14.5727
14.6903
15.0175
14.8753
14.716
14.9801
14.3587
14.3187
14.6378
14.7322
14.441
14.6219
14.9272
14.6545
14.4905
14.548
14.609
14.5836
15.0369
14.9409
14.9134
14.9006
14.4672
14.5998
14.7416
14.5034
14.4598
14.5502
14.8204
14.9169
14.6387
14.5963
14.7146
14.8927
14.4913
14.6777
14.6203
14.5001
14.782
14.7058
14.5227
14.6576
14.695
14.5768
14.6338
14.6092
14.7586
14.7745
14.7134
14.6657
14.458
14.5957
14.8098
14.7293
14.9992
14.4799
14.4528
14.8595
14.3125
14.7605
14.9074
14.4528
14.6201
14.6756
14.6685
14.819
14.7469
14.6991
14.8271
14.689
14.7877
14.7267
14.6603
14.9257
14.6406
14.6474
14.6254
14.9299
14.8034
14.6863
14.7649
14.2869
14.864
14.4362
14.9295
14.9158
14.5372
14.8136
14.5053
14.7728
14.8484
14.4819
14.4673
14.4736
14.7783
14.5428
14.8751
14.6267
14.7939
14.5732
14.5715
14.7847
14.538
15.0703
14.4774
14.2682
14.6988
14.331
14.2452
14.5131
14.5563
14.7798
15.0022
14.3882
14.6322
14.6313
14.9344
14.8667
14.4456
14.6792
14.7873
14.6581
14.6142
15.121
14.8698
14.7817
14.6385
14.5195
14.7162
14.5239
14.6873
14.8459
14.7424
14.5397
14.8623
14.3182
14.7163
14.4519
14.5416
14.7784
14.7682
14.5287
14.381
14.6662
15.0585
14.8347
14.7623
14.6563
14.459
14.7586
14.6112
14.5933
14.8297
14.2837
14.4458
14.5641
14.5019
14.2899
14.5665
14.8332
14.79
14.588
14.8145
14.2107
14.657
14.6058
14.5252
14.7589
14.4434
14.5639
14.563
14.4442
14.5405
14.4378
14.9221
14.5707
14.6051
14.8902
14.8676
14.5091
14.8879
14.7517
14.874
14.5531
14.6824
14.7386
14.6281
14.7308
14.7879
14.7052
14.3955
14.6389
14.868
14.8131
14.5984
14.5857
14.7353
14.612
14.7517
14.5745
14.6222
14.3271
14.5167
14.7574
14.9695
14.7438
14.7019
14.897
14.5402
14.4325
14.5702
14.47
14.6908
14.6499
14.5567
14.7285
14.7661
14.6571
14.6001
14.7553
14.4678
14.5329
14.828
14.4244
14.6001
14.8813
14.7311
14.4538
14.625
14.8512
14.7064
14.3314
14.5404
14.7582
14.6609
14.4896
14.3234
14.7247
14.4481
14.7916
14.674
14.9434
14.7497
14.611
14.7163
14.8434
14.6354
14.5172
14.9239
14.4845
14.8455
14.5919
14.662
14.6804
14.71
14.5107
14.5605
14.4261
14.7731
14.5391
14.7666
14.8865
14.7521
14.8504
14.4579
14.4074
14.6694
14.7855
14.3615
14.6261
14.6523
14.5586
14.4696
14.6142
14.5548
14.6167
14.8281
14.5004
14.5644
14.9344
14.7393
14.9956
14.8549
14.8386
14.5932
14.7022
14.6944
14.5908
15.0146
14.3495
14.8674
14.5374
14.5427
14.7905
14.6432
14.6935
14.7433
14.8178
14.6466
14.7356
14.6472
14.6287
14.6628
14.5222
14.6697
14.5692
14.7047
14.6149
14.6555
14.7033
14.8309
14.7515
14.7214
14.7124
14.4435
14.6576
14.5636
14.4977
14.1921
14.5932
14.8071
14.8794
14.846
14.4928
14.8809
14.664
14.6118
14.7053
14.8142
14.9512
14.5079
14.6604
14.4126
14.5561
14.5059
14.6487
14.7779
14.7397
14.7136
14.6528
14.5227
14.8687
14.8169
14.4583
14.6105
14.4932
14.3619
14.5624
14.4272
14.5829
14.8578
14.7735
14.6601
14.5976
14.2745
14.5532
14.543
14.8197
14.9247
14.8396
14.716
15.0018
14.9135
14.666
14.6516
14.5204
14.9257
14.7911
14.5196
14.4219
14.7329
14.9658
14.8652
14.7963
14.5701
14.8696
14.4374
14.7041
14.4375
14.7292
14.7047
14.5164
14.5325
14.5294
14.5892
14.7988
14.6776
15.1201
14.7944
14.5702
14.8499
14.6733
14.4124
14.518
14.6642
14.8439
14.6463
14.349
14.8251
14.3591
14.5191
14.2706
14.8429
14.6825
14.6827
14.8859
14.8171
14.4013
15.0105
14.7233
14.7077
14.6834
14.4808
14.8052
14.4522
14.6497
14.3972
14.6635
14.6993
14.6961
14.7605
14.5227
14.7451
14.7859
14.7167
14.8536
14.6416
14.8913
14.7696
14.7141
14.888
14.6445
14.556
14.7464
14.8739
14.5887
14.7492
14.8672
14.4486
14.3906
14.7741
14.7434
14.3611
14.7379
14.7698
14.6546
14.5115
14.5174
14.7159
14.5332
14.5275
14.3715
14.6006
14.7805
14.7101
14.5876
14.8757
14.7063
14.8046
14.4168
14.442
14.6724
14.7076
14.5934
14.345
14.9228
14.5785
14.6573
14.9065
14.4968
14.578
14.6265
14.6519
14.6831
14.4874
14.3737
14.6469
14.5708
14.776
14.8375
14.5452
14.9605
14.7116
14.943
14.8082
14.7486
14.6143
14.6776
14.8703
14.3616
14.4777
14.4352
14.6029
14.8089
14.7013
14.6169
14.457
14.8446
14.7907
14.4426
14.7172
14.5681
14.6705
14.502
14.5332
14.9762
14.6238
14.6653
14.39
14.7794
14.6368
14.4977
15.0188
14.6457
14.6681
14.8772
14.3766
14.4119
14.9436
15.1304
14.6324
14.8937
14.938
14.5475
14.6287
14.779
14.4426
14.6887
14.8226
14.7318
14.3483
14.409
14.7514
14.7366
14.2886
14.481
14.549
15.0678
14.3904
14.7144
14.4979
14.66
14.631
14.6166
14.6269
14.4549
14.6291
14.7614
14.6243
14.636
14.7142
14.638
14.6963
14.7027
14.3421
15.0473
14.9374
14.6743
14.5205
14.6414
14.7674
14.2968
14.6042
14.9073
14.5563
14.9124
14.8094
14.8785
14.6855
14.8876
14.8622
14.3946
14.8247
14.4299
14.6767
14.4501
14.5046
14.7985
14.732
14.5439
14.5076
14.7084
14.7824
14.6705
14.6067
14.3939
15.0707
14.7169
14.5934
14.2959
14.7375
14.7694
14.5915
14.424
14.7378
14.3908
14.6052
14.1994
14.383
14.786
14.8179
14.7968
14.9072
14.9024
14.5731
14.4913
14.741
14.744
14.5343
14.3958
15.0534
14.7565
14.8694
14.7114
14.8217
14.6793
14.572
14.2421
14.5525
14.5419
14.7065
14.6797
14.4728
14.7229
14.6985
14.5738
14.6345
14.7549
14.7209
14.9461
14.5193
14.6856
14.3514
14.5971
14.2917
14.6403
14.6079
14.6327
14.9854
14.8795
14.5338
14.6034
14.8286
14.4514
14.5425
14.8211
14.6264
14.6338
14.3664
14.5566
14.9021
14.7585
14.7427
14.5973
14.8542
14.9073
14.6073
14.6853
14.7918
14.5549
14.4133
14.6083
14.5968
14.5047
14.784
14.8475
14.9285
14.4418
14.8261
14.6894
14.7283
14.5808
14.6935
14.6117
14.7335
14.219
14.7245
14.6457
14.6683
14.7109
14.4205
14.82
14.8268
14.4378
14.4278
14.712
14.3723
14.8079
14.492
14.3982
14.9206
14.4441
14.8623
14.788
14.6636
14.6135
14.308
14.437
14.5623
14.8159
14.4149
14.8978
14.8121
14.3986
14.7405
14.8546
15.1194
14.7799
14.4696
14.6487
14.7685
14.8276
14.5785
14.7303
14.8348
14.4432
14.7978
14.9511
14.6052
14.4096
14.6166
14.782
14.7373
14.4195
14.7991
14.9499
14.6068
14.5839
14.3034
14.6725
14.5393
14.8041
15.0044
14.5892
14.7143
14.626
14.9017
14.5339
15.0276
14.4655
14.8072
14.8418
14.9577
14.7858
14.8641
14.6166
14.7381
14.6663
14.7754
14.6196
14.6548
14.7701
14.2901
14.7475
14.9595
14.5021
14.8465
14.7413
14.6529
14.6324
14.7392
14.8297
14.5483
14.5492
14.544
14.4728
14.3964
14.5358
15.1665
14.4733
14.8075
14.5852
14.6816
14.8379
14.8307
14.5503
14.3808
14.346
14.7724
14.475
14.7809
14.2839
14.8043
14.4506
14.8958
14.7028
14.7374
14.8729
14.7961
14.9017
14.5064
14.9444
15.0058
14.7823
14.8531
14.9024
14.5822
14.6933
14.768
14.3725
14.5898
14.596
14.5829
14.7496
14.8547
14.4759
14.8423
14.6448
14.6768
14.4656
14.4178
14.6136
14.5242
14.4287
14.6741
14.5042
14.7137
14.6783
14.592
14.599
14.9794
14.9635
15.1448
14.7268
14.3792
14.8913
14.7813
14.9381
14.7306
14.6363
14.6141
14.7077
14.8953
14.8645
14.5881
14.512
14.6446
14.6822
14.712
14.3563
14.6948
14.778
14.3973
14.6134
14.6193
14.8923
14.9785
14.7086
14.6171
14.5661
14.6955
14.6248
14.5227
14.8437
14.9499
14.4817
14.6995
14.4771
14.7001
14.4073
14.6287
14.7569
14.3843
14.5972
14.6598
14.6833
14.4428
14.5099
14.6278
14.8752
14.6785
14.6754
14.5149
14.5881
14.676
14.1298
14.6764
14.6282
14.7393
14.7688
14.8729
14.5215
14.6727
14.5827
14.4585
14.5618
14.5528
14.6985
14.5017
14.4823
14.4688
14.8928
14.7356
14.3942
14.3918
14.507
14.7103
14.6136
14.8177
14.7964
14.7257
14.6639
14.5582
14.476
14.9503
14.5084
14.7203
14.6467
14.6915
14.546
14.5305
14.9978
14.6576
14.7378
14.6914
14.7479
14.6307
14.4315
14.4891
14.6793
14.7389
14.964
14.6208
14.5455
15.0689
14.8984
14.6859
14.4858
14.7606
14.6638
14.7845
14.835
14.485
14.6439
14.6086
14.4371
14.7276
14.4834
14.4023
15.0544
14.7218
14.9472
14.7571
14.6703
14.7235
14.6767
14.6754
14.3793
14.7094
15.0219
14.4764
14.5884
14.65
14.4768
14.9549
14.2546
14.7461
14.94
14.4299
14.767
14.5272
14.7788
14.7011
14.4319
14.6687
14.723
14.6265
14.696
14.5718
14.3252
14.6892
14.668
14.7695
14.27
14.6357
14.7684
14.6996
14.5499
14.5409
14.3682
14.7143
15.0069
14.8275
14.7199
14.6282
14.9339
14.7533
14.3939
14.8619
14.6836
14.7187
14.2906
14.5744
14.6163
14.7074
14.5831
14.7454
14.3268
14.7709
14.6746
14.7336
14.5221
14.8398
14.7889
14.5186
14.6048
14.3334
14.7239
14.5159
14.6546
15.0076
14.6347
14.8537
14.4933
14.6292
14.7002
14.4571
14.3321
14.8025
14.6582
14.4873
14.6977
14.3369
14.6433
14.5156
14.6615
14.8243
14.6301
14.7403
14.6235
14.584
14.7269
14.4367
14.4316
14.4238
14.539
14.7363
14.8368
14.6746
14.794
14.4436
14.8877
14.5627
14.5618
14.8293
14.6959
14.5208
15.1918
14.8176
14.9283
14.6847
14.2432
14.436
14.465
14.778
14.7794
14.8783
15.0582
14.5824
14.671
14.663
14.6656
14.6331
14.6199
14.4892
14.7368
14.1802
14.7525
14.8215
14.4909
14.6351
14.7113
14.5813
14.6055
14.6259
14.7308
14.4522
14.8638
14.424
14.6222
14.8321
14.4404
14.9056
14.3807
14.8051
14.6504
14.6529
14.7609
14.8046
14.8754
14.444
14.6015
14.8082
14.7665
14.3759
14.5258
14.586
14.7328
14.6495
14.9627
14.6347
14.7424
14.5678
14.1572
14.6404
14.6148
14.8113
14.7068
14.9012
14.6194
14.3541
14.6273
14.6644
14.6629
14.465
14.7898
14.7616
14.6046
14.6748
14.3088
14.864
14.371
14.8087
14.5359
14.4799
14.4165
14.636
14.2744
14.6556
14.6685
14.5711
14.8519
14.8179
14.4427
14.8361
14.6446
14.3469
14.3404
14.7227
14.2512
14.4911
14.6198
14.7545
14.4837
14.8529
14.3616
14.8183
14.7012
14.4342
14.4768
14.8104
14.7604
14.6053
14.6227
14.3898
14.6895
14.6122
14.6237
14.7056
14.8024
14.6732
15.0194
14.8242
14.7383
14.5001
14.4824
14.2839
14.6846
14.3933
14.8145
14.6702
14.3805
14.5217
14.6513
14.9915
14.7269
14.9937
14.406
14.9993
14.6909
14.3177
14.8854
14.817
14.477
14.693
14.5597
14.7571
14.6546
14.4604
14.81
14.5247
14.8156
14.4907
14.3123
14.6876
14.9841
14.3417
14.512
14.5323
14.8004
14.9266
14.7897
14.9899
14.6759
14.5845
14.9755
14.6413
14.5222
14.5958
14.7155
14.7906
14.7635
14.904
14.6725
14.5554
14.7724
15.0633
14.9394
14.9175
14.5517
14.6867
14.6251
14.3405
14.612
14.485
14.5118
14.8123
14.4933
14.4998
14.6399
14.5091
14.7511
14.587
14.6525
14.4546
14.7983
14.7185
14.5487
14.7004
14.6238
14.6552
14.5558
14.3403
14.8627
14.8402
14.9536
14.5695
14.569
14.4679
14.7392
14.4476
14.7409
14.1926
14.4919
14.6212
14.7298
14.6601
14.6276
14.6063
14.7331
14.6457
14.3417
14.7463
14.6778
14.545
14.8192
14.7366
14.7005
14.5446
14.5526
14.709
14.4196
14.4606
14.7845
14.7922
14.9765
14.8772
14.8906
14.7826
14.5374
14.6751
14.664
14.7604
14.7167
14.661
14.6026
14.5809
14.9187
14.8548
14.6088
14.7566
14.2949
14.2686
14.6856
14.817
14.5479
14.816
14.8441
14.4099
14.3267
14.5718
14.6444
14.4948
14.753
14.264
14.6483
14.4718
14.6482
14.3653
14.6213
14.9686
14.6914
14.5595
14.5225
14.6398
14.6635
14.0864
14.5842
14.9271
14.7169
14.8597
14.6841
14.7245
14.3897
14.6806
14.4563
14.7168
14.7694
14.6913
14.7064
14.5738
14.5648
14.7089
14.5474
14.5899
14.7125
14.5784
14.523
14.6643
14.6134
14.7167
14.6741
14.8854
14.5559
14.664
14.5764
14.8636
15.0808
14.5054
14.5762
14.497
14.7513
14.4883
14.7273
14.8781
14.7225
14.6625
14.4773
14.7323
14.5322
14.5304
14.8862
14.9298
14.7518
14.6589
14.8626
14.8737
14.6834
14.8813
14.7012
14.7419
14.538
14.6417
14.7189
14.7824
14.7464
14.7532
14.5085
14.9581
14.6552
14.4825
14.6183
14.5548
14.6567
14.4679
14.6539
14.7176
14.7597
14.7092
14.8108
14.6509
14.5121
14.4981
14.7024
14.8721
14.7205
14.4709
14.7878
14.634
14.7321
14.5953
14.4618
14.5548
14.3587
14.5372
14.9445
14.6415
14.7455
14.3121
14.7111
14.7097
14.72
14.8987
14.6611
14.9783
14.5454
14.6327
14.5978
14.5587
14.6538
14.8327
14.7041
14.8298
14.6473
14.5646
14.5633
14.8502
14.7449
15.0598
14.8933
14.5476
14.6298
14.6734
14.7215
14.7664
14.8043
14.4631
14.5779
14.6065
14.7086
14.7046
14.7353
14.4365
14.594
14.9
14.3774
14.7647
14.7055
14.505
14.6478
14.5959
14.509
14.6356
14.5585
14.7402
14.8459
14.7606
14.7688
14.6436
14.7722
14.8291
14.5422
14.6032
14.6846
14.9269
14.6224
15.0495
15.0996
14.5596
14.5825
14.3346
14.4363
14.6387
14.7891
14.5912
14.6945
14.4537
14.5153
14.4908
14.7364
14.3939
14.7143
14.7727
14.7256
14.8524
14.8045
15.0477
14.8386
14.6092
14.7202
14.752
14.4813
14.7087
14.5872
14.5474
14.3633
14.6916
14.5763
14.4895
14.3839
14.936
14.7292
14.7667
14.64
14.8368
14.9469
14.606
14.8683
14.8787
14.7116
14.7222
14.7347
14.6615
14.687
14.638
14.9032
14.7919
14.7365
14.9007
14.8127
14.8036
14.9207
14.6435
14.6758
14.5488
14.6927
14.5368
14.543
14.7561
14.662
14.2179
14.6971
14.6888
14.9001
14.7988
14.4695
14.7625
14.5864
14.7894
14.7145
14.6174
14.7622
14.6095
14.7229
14.937
14.4555
14.7032
14.4502
14.8964
14.5537
14.6491
14.4489
14.6796
14.6494
14.8131
14.7407
14.6866
14.5588
14.6151
14.7075
14.6134
14.633
14.5182
14.46
14.6245
14.6462
14.5029
15.0364
14.6923
14.6119
14.5317
14.5807
14.8954
14.6953
14.8855
15.0013
14.379
14.6709
14.6712
14.874
15.1303
14.725
14.7361
14.5111
14.8869
14.4356
14.5034
14.7786
14.4096
14.5087
14.9384
14.5554
14.4751
14.4049
14.5897
14.6919
14.8123
14.7363
14.5945
14.7011
14.7979
14.8314
14.6068
14.6032
14.8502
14.4844
14.6324
14.6627
14.53
14.6495
14.3278
14.5156
14.9658
14.7764
14.5475
14.8878
14.7023
14.6571
14.3561
14.795
14.6175
14.6171
14.5448
14.5839
14.888
14.8464
14.5536
14.5551
14.7627
14.7731
14.6609
14.8382
14.4698
14.7411
14.427
14.9147
14.8131
14.5026
15.0698
14.3143
14.6126
14.5764
15.1661
14.9567
14.6739
14.8372
14.6788
15.024
14.6666
14.7201
14.7294
14.4663
14.5095
14.8596
14.6472
14.536
14.9602
14.7017
14.8752
14.8094
14.727
14.7594
14.7666
14.6887
15.0811
14.4634
14.6822
14.5831
14.67
14.6159
14.3981
14.7374
14.4455
14.5685
14.6654
14.5353
14.6031
14.9883
14.7973
14.7208
14.8385
14.7175
14.7574
14.9275
14.438
14.7395
14.7865
14.8946
14.2821
14.3805
14.5941
14.7978
14.6275
14.4747
14.623
14.6165
14.5655
14.4386
14.8692
14.5078
14.5266
15.049
14.4547
14.7257
14.9573
14.2769
14.9496
14.7158
15.0144
14.5865
14.4488
14.3927
14.4312
14.522
14.7612
14.9549
14.617
14.6901
14.8516
14.6602
15.1549
14.8165
14.6602
15.0588
14.581
14.7319
14.435
14.6741
14.6717
14.7193
14.684
14.7442
14.8655
14.8531
14.5514
14.7979
14.5375
14.7356
14.1766
14.6774
14.6034
14.7805
14.5821
15.0015
14.4668
14.6203
14.5505
14.7453
14.8985
14.4813
14.5635
14.6716
14.4573
14.9048
14.7063
14.4304
14.7488
15.031
14.6269
14.654
14.5924
14.5759
14.7882
14.6642
14.7271
14.8795
14.3672
14.5732
14.6658
14.519
14.8795
14.626
14.7817
14.6345
14.6739
14.7999
15.0791
14.884
14.882
14.2382
14.7175
14.6123
14.6964
14.9468
14.5951
14.9813
14.674
14.629
14.6243
14.7983
14.806
14.7235
14.8618
14.5912
14.8647
14.531
14.3914
14.9
14.6986
14.8514
14.7423
14.7208
14.6255
14.6928
14.5849
14.6074
14.7359
14.7723
14.8628
14.4411
14.4632
14.6622
14.3775
14.7939
14.6013
14.8271
14.6903
14.7308
14.6331
14.9067
14.6367
14.5327
14.9402
14.5569
14.6151
14.6729
14.8682
14.7002
14.7017
14.7012
14.6658
14.9862
14.7416
14.5003
14.3236
14.5487
15.0292
14.342
14.7075
14.5982
14.6686
14.8603
15.0342
14.509
14.9847
14.575
14.8953
14.5858
14.869
14.2771
14.7327
14.5209
14.8261
14.5044
14.4267
14.6418
14.5827
14.6014
14.3542
14.6391
14.3589
14.7768
14.485
14.6324
14.5511
14.2447
14.7583
14.9119
14.5883
14.9088
14.6551
14.6879
14.7987
14.4269
14.8484
14.9959
14.5744
14.8951
14.5594
14.6529
14.6236
14.6926
14.771
14.6133
14.7233
14.8704
14.4227
14.8054
14.6645
14.7412
14.8565
14.6133
14.748
14.4616
14.3379
14.3936
14.5386
14.5071
14.4596
14.6806
14.5086
14.5425
14.3231
14.8476
14.6362
14.5062
14.4649
14.587
14.3952
14.3157
14.826
14.6755
14.6245
14.4789
14.682
14.738
14.4093
14.6011
14.4935
14.7288
14.3342
14.8331
14.8429
14.9296
14.7653
14.5908
14.6199
14.5501
14.8096
14.8967
14.4937
14.92
14.757
14.7481
14.5512
14.8594
14.6533
14.5334
14.8483
14.7792
14.5533
14.7155
14.7261
14.8299
14.4009
14.7288
14.8167
14.5729
14.493
14.64
14.7981
14.6693
14.8373
14.5854
14.6905
14.4593
14.5123
14.7604
15.0443
14.5281
14.684
14.5097
14.814
14.5036
14.559
14.6468
14.8355
14.6418
14.7598
14.7547
14.8043
14.666
14.786
14.8983
14.8206
14.8809
14.5862
14.4971
14.7355
14.7568
14.7271
14.2546
14.5065
14.6888
14.7032
14.8108
14.3803
15.0161
14.9468
14.7322
14.8664
14.7145
14.6563
14.646
14.7442
14.7825
14.7897
14.7231
14.926
14.573
14.9227
14.6256
14.5773
14.48
14.9764
14.7515
14.8256
14.7208
14.6685
14.4141
14.4044
14.5547
14.6065
14.6347
14.7345
14.6676
14.3857
14.6229
14.9359
14.7938
14.4914
14.7652
14.7475
14.8942
14.7191
14.6888
14.8181
14.1925
14.5992
14.5168
14.6771
14.8745
14.6477
14.5785
14.6145
14.4744
14.5888
14.4252
14.4927
14.3376
14.7366
14.7124
14.6564
14.7342
14.8111
14.7809
14.5055
14.6808
14.4026
14.6044
14.7398
14.6912
14.1177
14.7468
14.6413
14.9531
14.6327
14.7473
14.5612
14.7422
14.7532
14.8933
14.7663
14.4024
14.3725
14.4894
14.9124
14.7683
14.5949
14.7792
14.5314
14.847
14.9636
14.5017
14.7027
14.5957
14.5146
14.7016
14.691
14.5807
14.6528
14.7044
14.6113
14.5819
14.7101
14.726
14.6091
14.7385
14.7225
14.495
14.401
14.4064
14.59
14.2822
14.8709
14.7981
14.6422
14.5444
14.6658
14.7195
15.1212
14.3303
14.5198
14.6598
14.9348
14.5988
14.4204
14.5366
14.812
14.6414
14.5105
14.6857
14.3252
14.445
14.7449
14.5201
14.7633
14.487
14.3785
14.5961
14.5786
14.8698
14.494
14.6734
14.5505
14.6817
14.7452
14.3833
14.3929
14.7463
14.845
14.924
14.5038
14.5672
14.9359
14.8167
15.1197
14.4197
14.9474
14.7736
14.6427
14.5316
14.3551
14.8476
14.9373
14.7351
14.6248
14.827
14.6846
14.526
14.6219
14.6595
14.53
14.6835
14.6749
14.5303
14.545
14.5297
14.7679
14.7114
14.6118
14.648
14.5748
14.5638
14.5379
14.5293
14.7305
14.7023
15.0098
14.6877
14.7932
14.4104
14.8181
14.7093
14.4289
14.7947
14.9856
14.5775
14.5775
14.6747
14.7728
14.631
14.9529
14.4991
14.6446
14.7056
14.4887
14.328
14.6379
14.653
14.7494
14.8509
14.5596
14.479
14.3739
14.5378
14.4229
14.7102
14.8296
14.5878
14.7032
14.3716
14.8396
14.8003
14.7564
14.6243
14.2443
14.7112
14.7295
14.3682
14.961
14.4541
14.6331
14.7423
14.6925
14.7867
14.3802
14.696
14.6477
14.7094
14.7262
14.5477
14.6623
14.5562
14.6509
14.7827
14.9966
14.806
14.9281
14.6621
14.7676
14.6178
14.4878
14.6646
14.6769
14.6011
15.0494
14.4942
14.3729
14.8001
14.7965
14.3015
14.5419
14.642
14.7143
14.7331
14.5825
14.7272
14.2246
14.9064
14.5765
14.7072
14.5523
14.7607
14.8462
14.9651
14.5109
14.7689
14.4657
14.7708
14.7161
14.7501
14.6051
14.5026
14.8026
14.4311
14.8112
14.7647
14.5141
14.6228
14.6799
14.2872
14.8299
14.6368
14.8367
14.8352
15.0226
14.6959
14.9562
14.6784
14.5631
14.4806
14.9895
15.2084
14.759
14.7743
14.8452
14.6405
14.2255
14.7984
14.7301
14.6724
14.3859
14.4144
15.0208
14.5602
14.936
14.7623
14.6958
14.8506
14.6749
14.7535
14.5881
14.7937
14.6791
14.796
14.7122
14.848
14.7075
14.5133
14.6546
14.7049
14.7291
14.8618
14.4381
14.7405
14.7059
15.0272
14.702
14.8641
14.5279
14.5574
14.8619
14.5608
14.6235
14.7931
14.4686
14.6776
15.0619
14.3657
14.7878
14.5876
14.5019
14.734
14.4854
14.6459
14.7595
14.3938
14.8638
14.7442
14.5025
14.6888
14.7207
14.9083
14.967
14.3197
14.6141
14.764
14.6156
14.9447
14.5433
14.4771
14.6323
14.3075
14.4181
14.6047
14.8033
14.54
14.4984
14.813
14.4244
14.7004
14.6832
14.5146
14.525
14.4978
14.7079
14.5351
14.8814
14.5547
14.6756
14.5803
14.184
14.6007
14.6057
14.569
14.6297
14.527
14.5479
14.7276
14.9549
14.4957
14.5524
14.8961
14.7393
14.5906
14.6619
14.6463
14.8119
14.68
14.6625
14.904
14.6888
14.8314
14.4236
14.3398
14.3895
14.5985
14.5405
14.9053
14.4181
14.5858
14.5709
14.4497
14.8583
14.6403
14.4372
14.6323
14.4898
14.4706
14.5712
14.688
14.2407
14.4665
14.5817
14.6639
14.5413
14.8584
14.6864
14.8509
14.7717
14.7018
14.8327
14.4972
14.7978
14.4901
14.9367
14.533
14.9033
14.6973
14.5689
14.6415
14.8744
14.6411
14.674
14.2279
15.0599
14.547
14.4611
14.5637
14.583
14.5756
14.813
14.7731
14.4506
14.7303
14.4576
14.7901
14.5992
14.8301
14.8663
14.7912
14.5544
14.7359
14.3168
14.7002
14.4608
14.5318
14.8412
14.4303
14.626
14.763
14.4944
14.5383
14.4725
14.6677
14.469
14.6063
14.5311
14.5011
14.8149
14.5948
14.7706
14.7081
14.5436
14.6822
14.4986
14.4629
14.681
14.5464
14.3562
14.4829
14.6765
14.5208
15.0265
14.7789
14.7107
14.3895
14.8083
14.6713
14.8313
14.6939
14.6486
14.8742
14.5307
14.5265
14.8239
14.4573
14.8435
14.7322
14.905
14.7938
14.697
14.4678
14.416
14.9814
14.6721
14.8312
14.6148
14.3493
14.603
14.7104
14.8357
14.4606
14.3925
14.6562
14.5086
14.6418
14.7135
14.7336
14.6231
14.434
14.5784
14.8203
14.7957
14.8084
14.7099
14.5454
14.4677
14.5384
14.7701
14.907
14.9208
14.6366
14.766
14.5139
14.4911
14.5171
14.6282
14.2192
14.739
14.3051
14.8226
14.5016
14.7021
14.5624
14.8803
14.7403
14.8831
14.6435
14.7767
14.6719
14.6595
14.7746
14.7932
14.5704
14.7709
14.8822
14.326
14.6321
14.8761
14.6526
14.5367
14.5331
14.8444
14.5177
14.6552
14.6536
14.6088
14.6084
15.0241
14.4134
14.8644
14.5635
14.7503
13.9502
14.8268
14.7017
15.0312
14.4656
14.5272
14.6236
14.2428
14.387
14.5776
14.7351
14.8183
14.8097
14.4957
14.8577
14.5321
14.7507
14.901
14.9561
14.9249
14.9511
14.6659
14.6529
14.3751
14.6624
14.631
14.615
14.3731
14.5973
14.6126
14.9875
14.7607
14.7715
14.832
14.6673
14.3972
14.7468
14.8491
14.69
14.7082
14.7745
14.6217
14.7159
14.5739
14.8591
14.5062
14.6528
14.9039
14.718
14.9838
14.6945
14.7409
14.4649
14.7102
14.7927
14.8363
14.6324
14.7817
14.8875
14.9452
14.6721
14.6925
14.5318
14.5516
14.4986
14.7805
14.2362
14.754
14.6624
14.8007
14.6379
14.8499
14.7902
14.6859
14.9859
14.8111
14.7344
14.7753
14.3241
14.9607
14.6028
14.6094
14.8431
14.5187
14.5056
14.7404
14.4313
14.7741
15.0331
14.7261
14.713
14.6079
14.7322
14.6793
14.832
14.8703
14.6162
14.5855
14.6186
14.6213
14.87
14.5856
14.6296
14.729
14.5567
14.544
14.8311
14.8331
14.4794
14.6217
14.7566
14.6629
14.5962
14.8392
14.6147
14.6969
14.8223
14.8224
14.9687
15.033
14.8113
14.4535
14.8802
14.6566
14.7467
14.8328
14.816
14.7345
14.7631
14.6861
14.9718
14.7712
14.2566
14.8676
14.7539
14.9135
14.4205
14.8203
14.4668
14.56
14.4067
14.5763
14.5872
14.5665
14.8492
14.435
14.5293
14.7258
14.6779
14.8415
14.6997
14.5562
14.7165
14.7575
14.1432
14.6391
14.2085
14.6196
15.0123
14.632
14.5824
14.7283
14.5981
14.4911
14.438
14.4831
14.6011
14.8256
14.6666
14.9085
14.8259
14.7315
14.6024
14.6855
14.6853
14.6885
14.6414
14.7105
14.549
14.3087
14.8056
14.6845
14.7798
14.7417
14.9407
14.5065
14.4604
14.9863
14.5543
14.5124
14.2619
14.668
14.6839
14.5225
14.8213
14.4323
14.9181
14.7166
14.9385
14.6546
14.3238
14.6228
14.5026
14.4627
14.5402
14.5412
14.2484
14.5979
14.6956
14.4603
14.6299
14.7903
14.7037
14.4249
14.6943
14.8855
14.6127
14.6566
14.6841
14.7878
15.0044
14.9117
14.6554
14.6632
14.8623
14.7833
15.2161
14.5694
14.3612
14.6738
14.4919
14.8024
14.5134
14.4833
14.4568
14.2493
14.9398
14.898
14.804
14.8692
14.4815
14.611
14.5193
14.51
14.7364
14.7298
14.4879
14.7937
14.8125
14.5242
14.642
14.6582
14.8645
15.1444
14.7621
14.2626
14.6691
14.7009
14.8717
14.6518
14.7396
14.7328
14.5181
14.6631
14.8422
14.7674
14.7889
14.7513
14.918
14.8291
14.9854
14.584
14.6716
14.7178
14.5249
14.5823
14.9778
14.9928
14.6904
14.7434
15.0749
14.7446
14.4167
14.7138
14.6747
14.7019
14.5114
14.4976
14.5327
14.6084
14.6916
14.5507
14.4332
14.7739
14.6153
14.7525
14.689
14.8989
14.5546
14.5187
14.4876
14.7256
14.4218
14.6711
14.7034
14.7471
14.811
14.918
14.7774
14.6029
14.6675
14.6031
14.4324
14.6595
14.6664
14.3427
14.4595
14.771
14.9957
14.558
14.7117
14.7985
14.7386
14.6866
14.5928
14.5482
14.7222
14.851
14.5403
14.6507
14.5169
14.8123
14.7708
14.4766
14.477
14.7327
14.7295
14.7885
15.0117
14.2189
14.7667
14.919
14.722
14.9066
14.5823
14.5557
14.6883
14.4021
14.781
14.6504
14.6905
14.9386
14.819
14.5993
14.7839
14.6362
14.8657
14.5376
14.7935
14.5963
14.6327
14.9078
14.5505
14.3687
14.8407
14.7943
14.4964
14.7262
14.7352
14.6928
14.4873
14.711
14.7831
14.6708
14.5736
14.8021
14.588
15.0776
14.6661
14.5347
14.9371
14.2628
14.6878
14.5903
14.4243
14.4052
14.9403
14.7259
14.7224
15.0667
14.6739
14.6932
14.8264
14.8569
14.6679
14.675
14.7322
14.7848
14.513
14.6551
14.763
14.3568
14.3285
14.5467
14.4726
14.6611
14.6322
14.8617
14.3846
14.6774
14.7522
14.7478
14.8828
14.6858
14.4565
14.3511
14.7227
14.2834
14.5971
14.7829
14.5195
14.9933
14.6084
14.5443
14.4411
14.4021
14.8045
14.7924
14.72
14.5883
14.6288
14.7103
14.4301
14.4721
14.4463
14.7665
14.6519
14.6131
14.9415
14.7624
14.7686
14.7034
14.5479
14.6583
14.8254
14.3817
14.7541
14.8223
14.6705
14.6216
14.9169
14.7196
14.9833
14.8017
15.0081
14.4649
14.9117
14.6652
14.7567
14.6082
14.8111
14.7636
14.6454
14.4942
14.8623
14.655
14.6791
14.7439
14.9537
14.6969
14.6757
14.6559
14.6155
14.7164
14.6319
14.3608
14.4672
14.9497
14.5568
14.6519
14.5977
14.5732
14.4519
14.4136
14.5543
14.7003
15.0601
14.8244
14.7574
14.4962
14.5205
14.5915
14.6678
14.57
14.3095
14.745
15.0365
14.4723
14.9066
14.7186
14.4554
14.5525
14.8329
14.8423
14.6623
14.6708
14.5285
14.5816
14.8512
14.5605
14.8187
14.9605
14.7715
14.7101
14.5887
14.7777
14.4978
14.363
14.6671
14.5333
14.48
14.5705
14.6924
14.9189
14.7933
14.5636
14.6554
14.5979
14.3573
14.621
14.3956
14.6225
14.3482
14.9462
14.5112
14.3954
15.0401
14.79
14.4892
14.8379
14.7047
14.4691
14.6078
14.5948
14.5453
14.7466
14.7382
14.7437
14.676
14.6216
14.5068
14.544
14.6701
14.4938
14.321
14.7418
14.5432
14.6396
14.5706
14.2698
14.7207
14.7259
14.7455
14.6942
14.8573
14.5718
14.4953
14.4893
14.4405
14.4055
14.5051
14.6977
14.6047
14.6132
14.8516
14.7423
14.617
14.78
14.4759
14.7856
14.9374
14.5033
14.4982
14.6752
14.5608
14.4845
14.6517
14.5199
14.6504
14.6469
14.5877
14.7397
14.6031
14.8493
14.6379
14.4875
14.6048
14.9194
14.811
14.9198
14.326
14.6655
14.7318
14.5952
14.4193
14.9506
14.7963
14.4892
14.8768
14.6306
14.6859
14.3916
14.7047
14.8712
14.854
14.9246
14.9439
14.6725
14.6433
15.0187
14.7108
14.6456
14.576
14.6225
14.3544
14.9861
14.9146
14.8517
14.5039
14.3244
14.6888
14.348
14.6674
14.6577
14.631
14.7125
14.5103
14.837
14.767
14.5533
14.6479
14.7222
14.8575
14.5726
14.755
14.7787
14.6264
14.7862
14.4216
14.9517
14.5627
14.4113
14.7785
14.7148
14.699
14.7316
14.6279
14.4534
14.3713
14.6354
14.4783
14.9422
14.618
14.8876
14.8588
14.4119
14.8983
15.1184
14.7517
14.5015
14.6873
14.4386
14.7872
14.7381
14.7878
14.6753
14.7415
14.7866
14.7608
14.8559
14.743
14.6534
14.5249
14.6304
14.7802
14.4095
14.661
14.6867
14.5808
14.6654
14.6421
14.5153
14.7131
14.5197
14.9321
14.625
14.9702
14.4192
14.5027
14.9677
14.5776
14.6424
14.5917
14.7977
15.097
14.7068
14.595
14.7655
14.5282
14.4711
14.2929
14.6611
14.6912
14.6675
14.6854
14.5723
14.6441
14.6373
14.6292
14.5128
14.6178
14.7273
14.9158
15.0156
14.8169
14.6999
14.7733
14.8508
14.7978
14.5608
14.457
14.755
14.2113
14.6382
14.6205
14.7282
14.8034
14.8623
14.7763
14.8382
14.661
14.5043
14.3522
14.4583
14.6706
14.7506
14.9962
14.4134
14.9272
14.5201
14.7318
14.864
14.4346
14.8851
14.3714
14.8167
14.902
14.5386
14.6452
14.8331
14.2621
14.3476
14.5682
14.3838
14.5268
14.6218
14.3791
14.5301
14.6007
14.4804
14.1792
14.4874
14.712
14.75
15.0511
14.7967
14.6267
14.4617
14.9307
14.5987
14.6016
14.8445
14.7225
14.733
14.8291
14.6554
14.5914
14.8685
14.6355
14.5154
14.5699
14.5737
14.8234
14.501
14.6388
14.7095
14.6862
14.7863
14.3461
14.6333
14.9324
14.5602
14.7497
14.269
14.6106
14.6323
14.8235
14.365
14.396
15.1587
14.6489
14.7925
14.5553
14.5841
14.8388
14.9492
14.723
14.8607
14.8142
14.7244
14.454
15.1141
14.4715
14.3913
14.7885
14.6661
14.8169
14.3944
14.9204
14.5622
14.8844
14.9029
14.5927
14.9513
14.6668
14.6193
14.6701
14.4626
14.6138
14.7844
14.8179
14.8954
14.6075
14.9686
14.4454
14.9066
14.6733
14.3772
14.6547
14.6903
14.6591
14.6934
14.8185
14.9061
14.4574
14.6606
14.7433
14.7129
14.6905
14.715
14.8509
14.6667
14.5466
14.7445
14.5746
14.6924
14.4347
14.7546
14.6573
14.6484
14.6116
14.6705
14.8655
14.6055
14.6103
14.8536
14.5267
15.0125
14.6294
14.7347
14.551
14.5779
14.8934
14.6969
14.5768
14.2947
14.641
14.5717
14.4401
14.9395
14.5834
14.6828
14.7064
14.8381
14.7026
14.5625
14.5284
14.7873
14.6275
14.5391
14.5941
14.8197
14.1013
14.7615
14.3237
14.5853
14.7776
14.7194
14.719
14.8593
14.6581
14.6991
14.5442
14.6422
14.8036
14.9605
14.6089
14.9631
14.7373
14.7065
14.6762
14.651
14.694
14.8631
14.7477
14.6425
14.9517
14.2515
14.7159
14.5643
14.7394
14.5802
14.5466
14.5597
14.6952
14.6907
14.9781
14.6254
14.7667
14.692
14.5615
14.729
14.3943
14.711
14.5832
14.8402
14.783
14.4365
14.9338
14.6008
14.6631
14.6172
14.4436
14.4026
14.6892
14.8082
14.4975
14.7451
14.8135
14.9957
14.7496
14.8334
14.8601
14.4633
14.5426
14.5953
14.8188
14.6714
14.2085
14.5821
14.8297
14.3684
14.7137
14.5337
14.3195
14.7001
14.8665
14.5355
14.4975
14.6678
14.742
14.6887
14.6477
14.7812
14.7681
14.5779
14.5578
14.6675
14.9824
14.7617
14.9024
14.674
14.7591
14.6087
14.659
14.8153
14.8727
14.7143
14.8669
14.8044
14.5591
14.6153
14.7521
14.9358
14.7333
14.6486
14.6419
14.6519
14.8581
14.5989
14.834
14.8633
14.732
14.7174
14.7769
14.6495
14.638
14.5487
14.1005
14.5275
14.7426
14.4947
14.9117
14.5464
14.5338
14.8176
14.7728
14.6907
14.6579
14.7867
14.5233
14.3508
14.5488
14.7243
14.7229
14.2583
14.5014
14.8175
14.5628
14.5718
14.4758
14.8538
14.4069
14.5452
14.4847
14.6097
14.6204
14.9419
14.6595
14.6432
14.3654
14.4592
14.867
14.6365
14.7371
14.5964
14.7797
14.8027
14.374
14.4968
14.5497
15.0494
14.5923
15.0975
14.4511
14.7191
14.3588
14.6102
14.6601
14.6795
14.6021
14.3857
14.7926
14.4073
14.401
14.4974
14.4897
14.5884
14.5419
14.4882
14.5246
14.6176
14.6834
14.5291
14.9782
14.6103
14.6788
14.7284
14.8961
15.0086
14.8291
14.9228
14.8328
14.577
14.6743
14.5661
14.9328
14.5833
14.5047
14.506
14.8557
14.3786
14.3716
14.8409
14.6636
14.8401
14.793
14.7173
14.3666
14.5718
14.7807
14.831
14.6381
14.539
14.7173
14.6011
14.6901
14.7352
14.5393
14.9278
14.7977
14.6151
14.5293
14.6883
14.3876
14.5596
14.7997
14.7438
14.5499
14.705
14.5311
14.8576
14.4976
14.6278
14.4864
14.6909
14.8608
14.6775
14.9966
14.6803
14.6345
14.322
14.4816
14.3301
14.601
14.5944
14.6232
14.5398
14.646
14.569
14.6672
14.9193
14.6299
14.9254
14.7059
14.4775
14.6966
14.542
14.5425
14.3594
14.7433
14.9309
14.567
14.6566
14.5154
14.4312
14.917
14.6185
14.3601
14.806
14.7037
14.4015
14.4447
14.4888
14.7434
14.7244
14.9371
14.7679
14.5503
14.8659
14.6475
14.5548
14.5767
14.7891
14.6743
14.682
14.9352
14.7423
14.3109
14.4403
14.6173
14.7996
14.4239
14.4994
14.3442
14.8448
14.6337
14.6141
14.6366
14.3773
14.4517
14.7009
14.7874
14.5271
14.6694
14.4004
14.2442
14.5436
14.5617
14.4345
14.691
14.5529
14.5714
14.967
14.7272
14.8482
14.6754
14.3187
14.6356
14.7275
14.8031
14.6409
14.7038
14.5914
14.6962
14.1926
14.394
14.7855
14.7961
14.5042
14.7863
14.9578
14.5358
14.5045
14.4446
14.5027
14.278
14.1187
14.9403
14.5622
14.8318
14.7066
14.6268
14.7716
14.4615
14.6582
14.6654
14.4955
14.5643
14.4907
14.5736
14.4582
14.7289
14.9407
14.8647
14.5145
14.4493
14.7901
14.5636
14.5563
14.5692
14.9818
14.7501
14.9549
14.8945
14.8452
14.7627
14.8574
14.6548
14.7189
14.6139
15.0515
14.7997
14.5161
14.641
14.5834
14.6827
14.705
14.3826
14.5962
14.6241
14.5317
14.4513
14.617
14.679
14.8973
14.6702
14.7353
14.8802
14.5712
14.5841
14.4534
14.9185
14.6629
14.665
14.7192
14.7844
14.5472
15.0785
14.6241
14.6566
14.7752
14.6424
14.5577
14.6259
14.7998
14.6222
14.3675
14.6843
14.7408
14.6529
14.9065
14.4344
14.5494
14.4321
15.0335
14.8961
14.536
14.6912
14.6691
14.4688
14.8538
14.6101
14.9937
14.7825
14.6983
14.7715
14.873
14.4345
14.8485
14.6547
14.6792
14.8657
14.5834
14.5969
14.7766
14.6822
14.8538
14.492
14.6748
14.9574
14.5196
14.6909
14.4848
14.7616
14.8151
14.4288
14.7421
14.7393
14.5527
14.624
14.5843
14.7728
14.6586
14.5505
14.7708
14.5018
14.4617
14.9294
14.5957
15.0402
14.2646
14.5026
14.7216
14.9039
14.948
14.9334
14.6925
14.4055
14.5819
15.0034
14.6138
15.0699
14.576
14.7918
14.4688
14.5165
14.9765
14.9986
14.2454
14.5601
14.7846
14.5645
14.5579
14.8711
14.5287
14.4234
14.4632
14.4626
14.5122
14.8919
14.7726
14.527
14.5177
14.4416
14.7606
14.868
14.8328
14.6274
14.5072
14.6269
14.5314
14.7703
14.5431
14.2745
15.0849
14.7976
14.6258
14.4203
14.7502
14.8853
14.7231
15.0284
14.5252
14.6574
14.3541
14.5522
14.5901
14.5849
14.6833
14.6623
14.5663
14.6667
15.0242
14.5709
15.1676
14.5929
14.9169
14.7455
14.6336
14.5623
14.6297
14.6525
14.7318
14.7963
14.4393
14.8077
14.4718
14.7646
14.9286
14.5528
14.6695
14.6191
14.6918
14.3904
14.6531
14.7211
14.77
14.7464
14.7403
14.7239
14.4722
14.5654
14.7313
14.709
14.7416
14.8223
14.477
14.623
14.6413
14.6031
14.6222
14.6339
14.7069
14.7598
14.4931
14.6543
14.8364
14.8185
14.9375
14.7209
14.4762
14.9073
14.3835
14.6208
14.6885
14.4496
14.8698
14.6732
14.7312
14.7868
14.7736
14.6273
14.5794
14.7647
14.6212
15.1203
14.3613
14.6563
14.4177
14.5311
14.5125
14.7874
14.6153
14.7309
14.7698
14.8117
14.7255
14.5601
14.7249
14.5115
14.854
14.7363
14.9216
14.5384
14.6446
14.4095
14.5884
14.4631
14.9374
14.4677
14.7693
14.9054
14.6828
14.721
14.7712
14.4803
14.6913
14.6512
14.5158
14.7626
14.7476
14.5924
14.705
14.7084
14.6912
14.823
14.7424
14.8951
14.6419
14.5228
14.6832
14.5298
14.4712
14.4429
14.663
14.978
14.7314
14.3161
14.5812
14.3862
14.789
15.1522
14.6167
14.9049
15.0126
14.4493
14.6188
14.6842
14.7611
14.6055
14.9679
14.9432
14.5626
14.9126
14.61
14.5037
14.6799
14.5131
14.7852
14.8767
14.4893
14.6146
14.6475
14.4198
14.7373
14.9295
14.5531
14.682
14.7225
14.8546
14.8892
14.5229
14.7157
14.7477
14.8874
14.7248
14.6905
14.8621
14.4613
14.6133
14.8446
14.6753
14.6293
14.6042
14.6012
14.7598
14.6095
14.9016
14.5341
14.7104
14.6911
14.8755
14.4033
14.573
14.8156
14.5816
14.6847
14.6577
14.7937
14.8274
15.1114
14.8382
14.6683
14.5465
14.6874
14.5104
14.5974
14.7723
14.8371
14.6474
14.6035
14.9465
14.6936
14.5039
14.6953
14.8013
14.6614
14.6968
14.7372
14.6091
14.435
14.7129
14.8672
14.7227
14.7859
14.8114
14.7534
14.6833
14.5461
14.7047
14.6873
14.9248
14.6013
14.5193
14.5227
14.7549
14.7517
14.5733
14.5745
14.2428
14.6298
14.9084
14.7833
14.7278
14.4573
14.7001
14.6874
14.7547
14.5294
14.3572
14.8789
14.7316
14.648
14.6473
14.8286
14.7027
14.5556
14.6269
14.5665
14.5218
14.5253
14.6612
14.7736
14.7161
14.4777
14.9512
14.6991
14.5287
14.5466
14.8393
14.5812
14.4104
14.6236
14.5497
14.5543
14.5663
14.866
14.5482
15.0453
14.6507
14.5554
14.8731
14.8048
14.6383
14.9134
14.7845
14.5644
14.7602
14.6638
14.3991
14.7974
14.5794
14.6682
14.7346
14.4438
14.7769
14.657
14.4892
14.6177
14.5911
14.8807
14.73
14.8144
14.7459
14.6397
14.7645
14.7729
14.5546
14.6405
14.9384
14.7683
14.7131
14.5852
14.7772
14.4028
14.6311
14.7197
14.6556
14.4977
14.6941
14.7353
14.8504
14.7009
14.8963
14.7411
14.7554
14.8296
14.6085
14.4335
14.5933
14.856
14.7526
14.6565
14.5592
14.6771
14.6074
14.7836
14.8708
14.9452
14.5513
14.5523
14.9838
14.8738
14.6598
14.6574
14.5372
14.9333
15.2043
14.7162
14.8411
14.6228
14.7198
14.7537
15.0158
14.6863
14.7739
14.7021
14.7323
14.7664
14.8906
14.5169
14.4368
14.5081
14.5415
14.8224
14.8683
14.8225
14.8775
14.7722
14.6596
14.71
14.5827
14.7652
14.3296
14.6329
14.695
15.0204
14.8582
14.714
14.4299
15.0463
14.6742
14.7913
14.4553
14.3403
14.5231
14.8341
14.6803
14.6251
14.7123
14.2252
14.803
14.4297
14.9435
14.5273
14.5787
14.7212
14.8493
14.5334
14.5082
14.7697
14.9259
14.4394
14.5611
14.4191
14.9208
14.6437
14.5463
14.5708
14.5522
14.6226
14.402
14.4379
14.7804
14.7989
14.8023
14.4149
14.365
14.7952
14.7381
14.4977
14.7795
14.7527
14.8277
14.5304
14.699
15.1828
14.7451
14.6249
14.702
14.6858
14.783
14.6148
14.8369
14.5873
14.5613
14.6802
14.4854
14.3331
14.6276
14.5875
14.9626
14.3974
14.9977
14.5516
14.7069
14.6036
14.503
14.8657
14.4578
14.4859
14.7211
14.3272
14.338
14.6124
14.6386
14.7312
14.8901
14.3821
14.6019
14.5355
14.4938
14.2323
14.7323
14.9845
14.557
14.5236
14.7549
14.7167
14.9397
14.8536
14.6326
14.5841
14.9303
14.9899
14.5189
14.6192
14.3856
14.6894
14.5284
14.5733
14.7324
15.2203
14.7218
14.6973
14.6804
14.6329
14.7188
14.8691
14.4651
14.2676
14.6226
14.4353
14.6025
14.7294
14.7671
14.5428
14.6715
14.6002
14.685
14.8336
14.4465
14.9133
14.8128
14.7236
14.6654
14.5577
14.682
14.9322
14.5303
14.6336
14.9216
14.8364
14.8762
15.0117
14.499
14.8831
14.743
14.8449
14.5546
14.6889
14.8153
14.9561
14.5846
14.6637
14.9883
14.6273
14.6617
14.5984
14.5681
14.5746
14.6927
14.8758
14.8392
14.4287
15.0153
14.3561
14.5726
14.4868
14.2154
14.6989
14.9252
14.738
14.7173
14.2737
14.2721
14.5916
14.6866
14.4783
15.0733
14.7531
14.681
14.7491
14.4343
14.413
14.49
14.5725
14.4824
14.6724
14.5989
14.6053
14.4995
14.8261
14.5202
14.5519
14.7822
14.7678
14.6128
14.6884
14.6179
14.7392
14.4744
15.0515
14.7129
15.149
14.3204
14.6246
14.5059
15.0698
14.7411
14.7045
14.3975
14.4516
14.4382
14.8661
14.4826
14.8652
14.5204
14.5215
14.5831
14.3659
14.928
14.7593
14.6998
14.5938
14.6492
14.4417
14.5006
14.7757
14.4217
14.8607
15.0593
14.6628
14.7043
14.8807
14.6999
14.4534
14.7573
14.5097
14.752
14.813
14.7465
14.8026
14.9673
14.4586
14.6558
14.6659
14.6439
14.5705
14.5431
14.6371
14.7625
14.5471
14.9751
14.8782
14.8064
14.6408
14.648
15.2627
14.6435
14.714
14.6846
14.7933
14.776
14.9545
14.5101
14.4707
14.5706
14.5112
14.7222
14.7975
14.5989
14.9405
14.7229
14.6744
14.3334
14.5939
14.9223
14.7353
14.875
14.7509
14.558
14.6792
14.6879
14.7006
14.5926
14.6331
14.6599
14.6675
14.7123
14.2296
14.4924
15.0723
14.4552
14.6198
14.552
14.7563
14.7957
14.7245
14.6754
14.33
14.2091
14.794
14.8779
14.6317
14.9066
14.7802
14.5084
14.5194
14.8432
14.878
14.4818
14.6045
14.6658
14.5347
14.6023
14.6614
14.8043
14.829
14.7331
14.5515
14.7656
14.8534
14.5397
14.5934
14.707
14.6798
14.7482
14.7112
14.8889
14.9332
14.3999
14.4504
14.5066
14.6127
14.7085
14.2255
14.7522
14.9903
14.6954
14.5672
14.7599
14.6475
14.5255
14.404
14.76
14.9582
14.7453
14.5786
14.8233
14.4202
14.9019
14.7685
14.6155
14.7066
14.6367
14.5065
14.4229
14.5209
14.6029
14.6649
14.6317
14.8213
14.4749
14.3052
14.4092
14.6366
14.824
14.6454
14.6307
14.6721
14.8311
14.68
14.6318
14.7345
14.7915
14.6722
14.573
14.3324
14.8124
14.7062
14.597
14.4152
14.7219
14.4768
14.6203
14.532
14.9687
14.6876
14.2573
14.6232
14.4347
14.7678
14.6348
14.4043
15.032
14.7088
14.4681
14.9598
14.85
14.4403
14.7469
14.3416
14.6644
14.8191
15.0366
14.8355
15.0498
14.4931
14.8811
14.6934
14.3834
14.6557
14.4441
14.527
14.5713
14.4798
14.4946
14.6038
14.8378
14.5381
14.8374
14.9273
14.6766
14.6556
14.5089
14.817
14.4645
14.7136
14.6744
14.9006
15.0478
14.8695
14.4859
14.7209
14.6761
14.7835
14.6094
14.5731
14.9043
14.5333
14.5168
14.5457
14.6364
14.5875
14.6409
14.714
14.6981
14.777
14.5809
14.6412
14.5771
15.093
14.6985
14.7705
14.8112
15.1146
14.7532
14.8415
14.6386
15.2215
14.6694
14.3925
14.7548
14.6463
14.799
15.05
14.7692
14.9855
14.6073
14.6706
14.3394
14.8254
14.8054
14.5496
14.9364
14.7791
14.6354
14.8498
14.9799
14.9641
14.5107
14.6507
14.9641
14.7918
14.4003
14.5096
14.5795
14.612
14.6977
14.5584
14.5649
14.7077
15.0121
14.5587
14.4344
14.6043
14.6086
14.654
14.6293
14.561
14.6225
14.7505
14.7423
14.5658
14.5118
14.48
14.6763
14.598
14.7704
14.7067
14.706
14.5932
14.4283
14.5973
14.6296
14.6103
14.8943
14.6805
14.5486
14.6194
14.647
14.5571
14.4779
14.5104
14.6979
14.4591
14.9285
14.6822
14.6315
14.6429
15.0486
14.4511
14.8382
14.766
14.7747
14.7011
14.8967
14.6522
14.5955
14.6811
14.7375
14.8199
14.396
14.938
14.709
14.8526
14.4385
14.5444
14.6702
14.7802
14.3874
14.6036
14.6518
14.7823
14.6822
14.5862
14.5752
14.4298
14.4539
14.8782
14.851
14.7333
14.7438
14.5453
14.8476
14.441
14.6641
14.7188
14.7384
14.8452
14.663
14.7933
14.7894
14.8478
14.4002
14.1442
14.7701
14.6068
14.9197
14.3443
14.5724
14.8264
14.7668
14.5268
14.6391
14.8046
14.9871
14.7665
14.5949
14.5888
14.3391
14.3027
14.4902
14.3701
14.786
14.6854
14.4959
14.6922
14.3987
14.6204
14.3274
14.5869
14.3634
14.7498
14.8808
14.6483
14.5312
14.7725
14.6887
14.5536
14.753
14.4789
14.9304
14.6369
14.6678
14.6563
14.5945
14.5328
14.8607
14.7685
14.7787
14.9372
14.602
14.6086
14.8617
14.7301
14.7109
14.604
14.6199
14.7785
14.5418
14.3316
14.841
14.4741
15.0897
14.3109
14.7683
14.8577
14.5888
14.8062
14.4151
14.6486
14.6886
14.5542
14.9457
14.5312
14.6817
14.5963
14.5851
14.7811
14.828
14.6685
14.4324
14.9032
14.6094
14.6621
14.6861
14.5863
14.7464
14.8209
14.5699
14.9178
14.9213
14.7455
14.6708
15.1222
14.8686
14.5497
14.7855
14.7236
14.6325
14.7449
14.5091
14.8005
14.6526
14.7491
14.8599
14.7455
14.574
14.7596
14.3738
14.6691
14.615
14.5721
14.6304
14.7148
14.3965
14.4275
14.6121
14.6739
14.6364
14.6075
14.6667
14.5496
14.7146
14.3438
14.563
14.6512
14.7299
14.6761
14.5736
14.7473
14.5016
14.6762
14.6423
14.4959
14.6644
14.6531
14.3176
14.7452
14.66
14.8006
14.6751
14.4595
14.5268
14.4493
14.5629
14.6545
14.7493
14.8562
14.7375
14.6077
14.6776
14.4918
14.9649
14.7441
14.7962
14.8255
14.6702
14.7604
14.8492
14.8185
14.7753
14.6391
14.8256
14.5748
14.4838
14.4218
14.8255
14.3422
14.5975
14.6169
14.6918
14.649
14.7554
14.6761
14.5011
14.4645
14.7938
14.7638
14.5656
14.505
14.606
14.695
14.721
14.5134
15.0042
14.6207
14.5749
14.7167
14.8272
14.8391
14.6027
14.5053
14.6636
14.5711
14.5403
14.612
14.4626
14.6793
14.4564
14.9192
14.6426
14.7813
14.5506
14.5013
14.8311
15.1735
14.7378
14.5897
14.4735
14.8143
14.4809
14.655
14.6115
14.5285
14.8786
14.9168
14.5534
14.3444
14.6468
14.6243
14.7245
14.779
14.4127
14.8098
14.84
14.4155
14.5928
14.6233
14.3688
14.6493
14.7887
14.2899
14.8962
14.6312
14.7923
14.7072
14.6832
14.8423
14.9721
14.6973
14.9114
14.4968
14.6168
14.5576
14.5814
14.7946
14.9085
14.6176
14.6432
14.5949
14.6433
14.8719
14.6316
14.6864
14.5007
14.5846
14.7842
14.5951
14.4342
14.4718
14.6555
14.3869
14.7842
14.8351
14.662
14.7399
14.584
14.399
14.4659
14.543
14.8709
14.4278
14.7689
14.5533
14.5695
14.5024
14.6765
14.8939
14.5969
14.5461
14.7719
15.0223
14.6089
14.5717
14.6072
14.8578
14.7553
14.7205
14.6712
15.0595
14.2843
14.7562
14.4629
14.6776
14.4511
14.759
14.5787
14.7636
14.4692
14.7644
14.5506
14.717
14.5544
14.7321
14.7255
14.418
14.5193
14.7094
14.8689
14.5155
14.5438
14.5344
14.7955
14.8681
14.6229
14.7154
14.6126
14.6939
15.0027
14.9823
14.7004
15.0303
14.6996
14.7819
14.5607
14.4938
14.6024
14.4942
14.6307
14.8291
14.5489
14.7574
14.8235
14.8286
14.8203
14.5092
14.8463
14.5557
15.0857
14.7333
14.8925
14.6813
14.8398
14.621
14.5297
14.6591
14.6371
14.709
15.0173
14.7903
14.7658
14.5324
14.6422
14.6938
15.0684
14.668
14.7567
14.8469
14.8778
14.5986
14.8069
14.5312
14.5508
14.6496
14.7664
14.6914
14.7234
14.8588
15.0874
14.591
14.7613
14.3792
14.7393
14.6524
14.7175
14.7303
14.5387
14.8751
14.4681
14.6693
14.8697
14.8591
14.6123
14.4775
14.4768
14.9865
14.754
14.5972
14.6823
14.9444
14.8135
14.6046
14.5798
14.9164
14.4544
14.6957
14.8318
14.757
14.7278
14.6526
14.6029
14.7079
14.3232
14.5817
14.643
14.6992
15.0259
14.7618
14.9192
14.5833
14.617
14.6851
14.5885
14.5019
14.6322
14.7136
15.0846
14.8606
14.6626
14.5512
14.6885
14.6487
14.8015
14.6603
14.6975
14.6428
14.5027
14.4624
14.6192
14.6282
14.8471
14.5878
14.6083
14.7147
14.7135
14.8192
14.7039
15.0052
14.922
14.5216
14.7833
14.3751
14.5914
14.5284
14.8622
14.7266
14.5671
14.7999
14.9155
14.7822
14.5421
14.7009
14.6418
14.574
14.2899
14.5854
14.5379
14.8708
14.8289
14.4489
14.899
14.8762
14.6535
14.4801
14.6639
14.6014
15.0484
14.8253
14.5781
14.6726
14.5346
15.0304
14.7334
14.5047
14.7785
14.7977
14.7135
14.8394
14.8453
14.5492
14.5537
14.4142
14.7116
14.9118
14.5471
14.4036
14.9995
14.4299
14.6093
14.6434
14.6716
14.5829
14.5945
14.5478
14.9955
14.6514
14.7092
14.7214
14.3119
14.3015
14.7401
14.742
14.7184
14.8655
14.8918
14.5288
14.7378
14.6454
14.6362
14.615
14.7948
14.3943
14.8702
14.4898
14.6254
14.7611
14.5523
14.3603
14.6541
14.7902
14.5113
14.243
14.6145
14.7263
14.6435
14.7131
14.4959
14.7215
14.447
14.7873
14.5915
14.61
14.6051
14.658
14.6548
15.0818
14.7446
14.5351
14.5134
14.635
14.4437
14.5711
14.6315
14.4806
14.8641
14.6814
14.7261
14.5943
14.5782
14.5315
14.7689
14.8052
14.7356
14.6327
14.4021
14.5132
14.6622
14.5267
14.4895
14.8189
14.7399
14.6363
14.7055
14.4418
14.7557
14.4387
14.6951
15.0564
14.5373
14.5814
14.713
14.6681
14.6924
14.7034
14.6967
14.746
14.5777
14.6827
14.4559
14.6749
14.4431
14.4123
14.4181
14.8083
15.0149
14.9577
14.7006
14.3275
14.5916
14.7968
14.7765
14.8533
15.0858
14.6022
14.3157
14.4091
14.4059
14.7055
14.6714
14.4678
14.457
14.567
14.596
14.8896
14.8105
14.8531
14.6843
14.5986
14.6428
14.473
14.5716
14.4801
14.9659
14.7235
14.8208
14.9301
14.7613
14.5082
14.4717
14.6057
14.8356
14.4761
14.4129
14.7062
14.7586
14.7367
14.7736
14.3473
14.7427
14.8497
14.9613
14.7501
14.5483
14.7738
14.6774
14.7041
14.8439
14.8587
14.724
14.8542
14.776
14.6357
14.8945
14.0946
14.8379
14.4145
14.6127
14.5236
14.6211
14.7075
14.679
15.1615
14.595
14.7128
14.2517
14.8924
14.8323
14.5041
14.6852
14.6406
14.5834
14.6854
14.4263
14.9579
15.0065
14.5687
14.6178
14.693
14.7455
14.9106
14.4157
14.8991
14.7209
14.7058
14.6936
14.8063
14.4993
14.4197
14.6771
14.529
14.9227
14.8458
14.8843
14.6032
14.4738
14.508
14.7977
14.5144
14.6573
14.4586
14.9268
14.7576
14.688
14.742
14.7044
14.6426
14.7507
14.7363
14.7058
14.758
14.9824
14.7032
14.6087
14.4791
14.7969
14.5059
14.6052
14.8976
14.4949
14.4397
14.589
14.6396
14.5688
14.7668
14.8731
14.605
14.7362
14.4489
14.8658
14.8142
14.584
14.6147
14.6717
14.7295
14.5209
14.6622
14.6393
14.7547
14.1534
14.8169
14.7749
14.4543
14.5143
14.6328
14.7741
14.2408
14.4058
14.8683
14.6544
14.5672
14.835
14.7393
14.7157
14.7444
14.4012
14.3255
14.7685
14.7891
14.734
14.7391
14.7267
14.6913
14.5475
14.7896
14.5823
14.8894
14.6652
14.393
14.6561
14.7936
14.9772
15.0323
14.7035
14.4823
14.8973
14.6135
14.5506
14.6049
14.9765
14.5424
14.69
14.5891
14.5624
14.6692
14.8329
14.5323
15.046
14.8153
14.7467
14.9718
15.09
14.4352
14.6095
14.9571
14.6598
14.5833
14.7054
14.655
14.644
14.7445
14.5276
14.7134
14.7638
14.6594
14.5042
14.7041
14.7031
14.4841
14.5335
14.6985
14.7189
14.895
14.7727
14.559
14.5416
14.3623
14.5982
14.6193
14.2786
14.5202
14.498
14.6461
14.7039
14.6551
14.5265
14.5614
14.5236
14.5918
14.6617
14.864
14.6358
14.7943
14.7782
14.6846
14.6515
14.8426
14.813
14.6392
14.7466
14.7334
14.6926
14.6554
14.7377
14.6766
14.5742
14.4754
14.6162
14.6781
14.744
14.3495
14.7287
14.6601
14.5724
14.6104
14.7184
14.3705
14.7793
14.391
14.5563
14.7545
14.3881
14.5371
14.5514
14.5536
14.7343
14.475
14.3479
14.5744
14.6319
14.1979
14.7348
14.3494
14.5285
14.5437
14.6907
14.6448
14.3716
14.992
14.6968
14.5092
14.6783
14.7641
14.5649
14.728
14.527
14.5068
14.8547
14.422
14.9618
14.7202
14.3258
14.7186
14.6982
14.2658
14.8477
14.5003
14.8963
14.66
14.5575
14.6766
14.6139
14.5466
14.6391
14.4997
14.6919
14.6816
14.6956
14.92
14.5473
14.6233
14.6249
15.1127
14.7898
14.4331
14.4727
14.6889
14.6666
14.402
14.8604
14.4885
14.4907
14.8945
14.9338
14.5812
14.9968
14.8937
14.7454
14.9113
14.4337
14.7158
14.7229
14.5363
14.8212
14.8021
14.6605
14.8412
14.5813
14.8328
14.5033
14.62
14.7343
14.9306
14.5628
14.587
14.7691
14.5816
14.7927
14.8396
14.7115
14.5929
14.2368
14.4925
14.5873
14.7719
14.6721
14.5897
14.8072
14.7892
14.6967
14.8561
14.6775
14.8238
14.6927
14.9255
14.6618
14.742
14.6321
14.743
14.1509
14.403
14.2053
14.7004
14.3683
14.5601
14.458
14.7999
14.6858
14.6555
14.8423
14.273
14.7721
14.3873
14.6662
14.5987
14.891
14.6815
14.7917
15.0127
14.331
14.7462
14.7022
14.958
14.6969
14.5587
14.7175
14.6967
14.7502
14.3524
14.8716
14.4105
14.569
14.6696
14.8644
14.64
14.3993
14.5764
14.679
14.3322
14.6061
14.9599
14.5472
14.6666
14.8263
14.9398
14.5762
14.7265
14.6671
14.8256
14.425
14.3449
14.4795
14.6768
14.8315
14.9622
14.8914
14.5806
14.5701
14.6434
14.5428
14.5331
14.3234
14.6468
14.6126
14.7135
14.8213
14.3412
14.6297
14.6118
14.4449
14.6005
14.886
14.511
14.6454
14.4649
14.5318
14.7079
14.7916
14.9231
14.6535
14.5975
14.4218
14.6979
14.0885
14.5348
14.3973
14.6133
14.687
14.3904
14.7516
14.5494
15.1264
14.8853
14.5079
14.7849
14.4582
14.4499
14.5083
14.8917
14.9063
14.623
14.67
14.6655
14.713
14.5385
14.5743
14.7806
14.6914
14.451
14.4709
14.8225
14.6533
14.6482
14.5368
14.5235
14.534
14.7007
14.7807
14.3891
14.6746
14.9105
14.7413
14.7273
14.8179
14.4562
14.2341
14.6359
14.9952
14.5658
14.6692
14.507
14.6791
14.3547
14.2506
14.8021
14.6211
14.7975
14.5332
14.8606
14.7617
14.8161
15.0199
14.6964
14.6442
14.8602
14.7793
14.6262
14.6617
14.5284
14.6201
14.7121
14.6866
14.4848
14.4212
14.6165
14.6947
14.4817
14.716
14.5549
14.5574
14.3805
14.5072
14.611
14.9867
14.7876
14.4627
14.7296
14.427
14.7975
14.7745
14.8484
14.6108
14.6837
14.6093
14.4285
14.8034
14.8889
14.7775
14.6016
14.9423
14.3113
14.654
14.7156
14.5667
14.7721
14.9231
14.6695
14.7532
14.9787
14.7126
14.8771
14.6045
14.7889
14.6318
14.5444
14.712
14.5821
14.7591
14.83
14.3089
14.5009
14.9175
14.5635
14.3592
14.7353
14.8102
14.8282
14.2476
14.8821
14.7243
14.6369
14.7069
14.7536
14.7956
14.1996
14.5854
14.7102
14.753
14.7313
14.4883
14.633
14.6492
14.6212
14.4261
14.8474
14.5785
14.6884
14.6703
14.9269
14.4914
14.867
14.5991
14.5286
14.725
14.9865
14.7999
15.0216
14.4758
14.623
14.3766
14.5523
14.8016
14.525
14.4336
15.1999
14.2966
14.5639
14.6956
14.7065
14.5668
14.9241
14.8226
14.68
14.902
14.5318
14.7176
14.4673
14.6159
14.8276
14.531
14.6967
14.2953
14.5946
14.8167
14.6769
14.8378
14.7289
15.0324
14.8539
14.6452
14.7997
14.6192
14.605
14.6235
14.547
14.6151
14.7402
14.6523
14.5577
14.6921
14.5414
14.8
14.6689
14.7483
14.8848
14.6043
14.6294
14.8227
14.5606
14.5316
14.5822
14.7597
14.4725
14.6644
14.606
14.6124
14.5426
14.7314
14.5374
14.3215
14.4968
15.0504
14.5139
14.8438
14.63
14.8175
14.4059
14.6758
14.8863
14.9151
14.5962
14.5491
14.8435
14.6497
14.4738
14.6475
14.5049
14.3279
14.8243
14.8666
14.8982
14.8351
14.6112
14.6316
14.7514
14.651
14.658
14.6453
14.6771
14.5854
14.8946
14.6427
14.8776
14.8194
14.3439
14.7769
14.6127
14.2128
14.8137
14.5673
14.8536
14.839
14.7633
14.2511
14.7071
14.5566
14.646
14.6922
14.5504
14.664
14.6971
14.8146
14.3678
14.5319
14.6916
14.5874
14.5587
14.86
14.4495
14.706
14.6097
14.6941
14.9062
14.7027
14.5342
14.9472
14.5836
14.3525
14.5655
14.7584
14.5035
14.8406
14.5707
14.6337
14.5772
14.6895
14.7928
14.5436
14.5553
14.8544
14.8899
14.7726
14.66
14.934
14.3812
14.7647
14.8959
14.9386
14.7678
14.8931
14.6674
14.6542
14.891
14.5819
14.7263
14.6716
14.5082
14.6809
14.7567
14.5847
14.7311
14.6019
14.6733
14.4657
14.78
14.5564
14.1829
14.9027
14.4405
14.4114
14.5337
14.9343
14.5163
14.4252
14.4175
14.8409
14.5248
14.6705
14.7641
14.4227
14.6085
14.3379
14.4079
14.6355
14.9306
14.9704
14.5696
14.5571
14.8375
14.7612
14.5826
14.6258
14.7535
14.6797
14.7079
14.3917
14.821
14.6748
14.6003
14.9221
14.5816
14.593
14.7453
14.3249
14.6318
14.9641
14.7418
14.3966
14.9029
14.9259
14.6559
14.6881
14.5786
14.504
14.4976
14.7707
14.5264
14.2741
14.5451
14.4402
14.6942
14.7227
14.5923
14.7186
14.606
14.86
14.6125
14.5229
14.7025
14.7926
15.0358
14.65
14.75
14.6997
14.6361
14.6568
14.5302
14.5448
14.5196
14.7654
14.7597
14.6911
14.7443
14.4433
14.8876
14.9601
14.7447
14.5764
14.4534
14.513
14.6857
14.4833
14.5375
14.5137
14.3366
14.6167
14.7346
14.9545
14.8036
14.47
14.9233
14.5096
14.4764
14.6487
14.5004
14.6977
14.7931
14.6967
14.652
14.8404
14.6793
14.6923
14.7865
14.5022
14.8258
14.7912
14.8573
14.7257
14.7329
14.4159
14.6965
14.3939
14.6528
14.5026
14.9273
14.3933
14.931
14.7094
14.5349
14.6557
14.8241
14.7593
14.6005
14.5417
14.7205
14.4902
14.6178
14.6199
14.6453
14.669
14.484
14.5122
14.5904
14.4615
14.6152
14.6024
14.4129
14.7177
14.5365
14.4809
14.8735
14.505
14.3447
14.68
14.2766
14.8756
14.6968
14.7573
14.5856
14.6895
14.7631
14.4879
14.753
14.6713
14.6965
14.6093
14.713
14.7132
14.6274
14.7421
14.5759
14.4876
14.3782
14.752
14.82
14.7875
15.0666
14.863
14.5372
14.7795
14.9416
14.9008
14.611
14.5989
14.7831
14.4587
14.5642
14.6869
14.5421
14.8431
14.6979
14.3611
14.8296
14.3525
14.8566
14.6238
14.7005
14.5655
14.2962
14.4704
14.6376
14.6812
14.7527
14.8324
14.547
14.872
14.5271
14.5006
14.7748
14.8418
14.3263
14.825
14.7286
14.6316
14.6091
14.6489
14.8219
14.6304
14.6709
14.4131
14.8839
14.5241
14.7235
14.953
14.7542
14.6665
14.7732
14.4835
14.9249
14.6533
14.7782
14.9946
14.5826
14.6538
14.8114
14.6241
14.8218
14.9459
14.5946
14.3178
14.2368
14.3886
14.7363
14.4897
14.6717
14.4894
14.6768
14.5219
14.7091
14.7388
14.7813
14.5179
14.8483
14.441
14.6297
14.6516
14.8886
14.809
14.9724
14.7147
14.4715
14.4659
14.6559
14.7191
14.8141
14.4936
14.5079
14.8653
14.367
15.0646
14.9601
14.4888
14.8683
14.4143
14.7308
14.7056
14.8346
14.8502
14.5148
14.7873
14.7191
14.5364
14.4982
14.5138
14.8204
14.8529
14.4027
14.5873
14.5461
14.9144
14.7004
14.5976
14.8708
14.6424
14.6396
14.377
14.427
14.3369
14.9037
14.7052
14.8338
15.0286
14.5755
14.8392
14.4827
14.4281
14.6532
14.6984
14.5829
14.5262
14.5694
14.5292
14.6635
14.7784
14.4365
14.9903
14.426
14.8448
14.8326
14.693
14.8825
14.5829
14.4987
14.6746
14.6074
14.6633
14.5459
14.5131
14.6306
14.492
14.7057
14.9939
14.5344
14.4998
14.3362
14.9108
14.9954
14.5502
14.9329
14.8743
14.4739
14.6941
14.8073
14.8131
14.6055
14.8656
14.681
14.4475
14.5977
14.7889
14.5193
14.53
14.618
14.8621
14.9645
14.7117
14.4559
14.6466
14.7557
14.4954
14.8856
14.695
14.5769
14.716
14.832
14.8032
14.5463
14.6224
14.6841
14.8138
14.7132
14.6907
14.888
14.6233
14.5898
14.6714
14.5908
14.6928
14.4012
14.1658
14.6016
14.524
14.8798
14.9083
14.6054
15.1382
14.5686
14.7565
14.5332
15.1038
14.4745
14.6357
14.6365
14.7104
14.6355
14.8182
14.3362
14.7202
14.5796
14.5082
14.5544
14.6555
14.9153
14.7082
14.5924
14.5287
14.8485
14.5513
14.7937
14.3734
14.7334
14.6385
14.7523
14.6653
14.721
14.4477
14.7936
14.8154
14.5752
14.5692
14.4366
14.3147
14.7598
14.7179
14.4563
14.1882
14.6006
14.4872
14.8042
14.7762
14.3476
14.7213
14.6821
14.739
14.428
14.6412
14.3364
14.7873
14.5803
14.6182
14.423
14.9647
14.4603
14.7817
14.8331
14.5768
14.7029
15.0323
14.8409
14.5117
14.6067
14.9354
15.0025
14.6328
14.7048
14.779
14.5847
14.5624
14.6809
14.6327
14.5502
14.1227
14.7163
14.5872
14.6666
14.6744
14.7115
14.5375
14.798
14.3799
14.6222
14.4181
14.548
14.5866
14.4895
14.8822
14.6522
14.6909
14.5256
14.9905
14.5742
14.7426
14.362
14.7099
14.4952
14.3676
14.7881
14.7588
14.7582
14.6448
14.7851
14.6806
14.8959
14.3658
14.6242
14.8449
14.5868
14.6991
14.3643
14.659
14.9188
15.1366
14.4931
14.9394
14.6643
14.5193
14.8203
14.4313
15.0209
14.849
14.5875
14.7637
14.5218
14.7578
14.5102
14.6044
14.7086
14.7414
14.6257
14.6407
14.5583
14.5819
14.5365
14.7105
14.5298
14.5235
14.6343
14.9304
14.7124
14.6853
14.7751
14.6435
14.6157
14.9948
14.8435
14.4349
14.8148
14.6656
14.4344
14.8866
14.5849
14.7761
14.7144
14.6339
14.3818
14.8279
15.1601
14.5552
14.7046
15.007
14.5984
14.4435
14.4883
14.7943
14.755
14.6447
14.7274
14.5236
14.7836
14.9643
14.6198
14.3253
14.6503
14.867
14.533
14.6384
14.5783
14.9484
14.5292
14.4794
14.8735
14.5
14.8786
14.3781
14.5978
14.9411
14.4839
15.1514
14.6763
14.4956
14.3786
14.8005
14.5703
15.0042
14.4841
14.4159
14.4813
14.539
14.8956
14.5424
14.5722
14.6867
14.8965
14.8412
14.4783
14.7278
14.6375
14.498
14.7225
14.8678
14.9081
14.5974
14.6216
14.5752
14.7564
14.6074
14.9975
14.6863
14.6988
14.838
14.7681
14.589
14.5957
14.7
14.6271
14.6889
14.734
14.8033
14.7672
14.2732
14.8302
14.7909
14.2715
14.5059
14.7225
14.6914
14.5957
14.4449
15.1141
14.5704
14.4961
14.9523
14.5556
14.7201
14.7623
14.5907
14.7313
14.5669
14.746
14.5824
14.5399
14.8421
14.2415
14.7271
14.7386
14.4883
14.869
14.7515
14.5303
14.7507
14.7935
14.7817
15.0146
14.8529
14.7512
14.6658
14.5047
14.4902
14.6887
14.6157
14.5026
14.9022
14.5833
14.6319
14.5672
14.676
14.8875
14.4269
14.438
14.8495
14.6119
15.0261
14.7378
14.706
14.7522
14.8713
14.8946
14.9831
14.5994
14.6288
14.3521
14.6826
14.9426
14.5879
14.8489
14.4633
14.7658
14.7563
14.8389
14.4795
14.4584
14.5522
14.5849
14.8302
14.6303
14.6934
14.5167
14.8511
14.83
14.8235
14.8182
14.5318
14.6257
14.4926
14.6338
14.6157
14.5775
14.5704
14.3978
14.4096
14.617
14.7005
14.8609
14.6202
14.5377
14.5723
14.7646
14.7464
14.4294
14.6254
14.7175
14.624
14.7668
14.4392
14.6703
14.6593
14.8563
14.6085
14.5529
14.726
14.849
14.8299
14.7089
14.623
14.6485
14.7786
14.7234
14.7143
14.484
14.5221
15.0291
14.6851
14.7943
14.4643
14.6764
14.4976
14.7742
14.4571
14.7266
14.6704
14.5568
14.5816
14.473
14.329
14.6783
14.5605
14.513
14.9859
14.7673
14.6014
14.9555
14.5381
14.6532
14.5679
14.1789
14.7991
14.6844
14.6786
14.6518
14.8465
14.8516
14.3194
14.862
14.7527
14.7611
14.3277
14.6293
14.7165
14.4615
14.7466
14.9469
14.4912
14.8867
14.5328
14.6484
14.8958
14.8838
14.8188
14.5208
14.5928
14.6939
14.6089
14.5715
14.8069
14.6922
14.7464
14.7412
14.5196
14.8355
14.9593
14.5853
14.6437
14.8725
14.4719
14.7114
14.6814
14.8301
14.7117
14.7297
14.5006
14.2594
14.516
14.7752
14.8031
14.9245
14.7293
14.4286
14.5767
14.4525
14.6365
14.6432
14.7537
14.5832
14.6912
14.9366
14.3388
14.7806
14.7883
14.4882
14.8609
14.569
14.8124
14.7849
14.2561
14.6125
14.2941
14.5549
14.5923
14.5676
14.5268
14.7113
15.1451
14.5195
14.7021
14.9392
14.8434
14.4914
14.5704
14.6174
14.6593
14.5846
15.0573
14.8126
14.5966
14.9169
14.7796
14.2705
14.7082
14.4702
14.6003
14.6349
14.906
14.6641
14.8295
14.8663
14.807
14.6395
14.6061
14.5448
14.7959
14.5788
14.9155
14.5769
14.7226
14.5025
14.7613
14.4221
14.733
14.8203
14.5926
14.536
14.5492
14.6696
14.8158
14.5189
14.4806
14.8324
14.9287
14.574
14.3351
14.5233
14.5711
14.684
14.5404
14.3526
14.6297
14.9522
14.7421
14.6664
14.5724
14.6269
14.673
14.825
14.8136
14.939
14.4667
14.8114
14.62
14.789
14.7287
14.4954
14.5864
14.6598
14.9434
14.7584
14.6352
14.6224
14.7681
14.6315
14.9829
14.6151
14.9287
14.2066
14.3927
14.685
14.7205
14.1482
14.3271
14.8278
14.7127
14.5944
14.5347
14.6943
14.7456
14.8288
14.6184
14.8121
14.6253
14.2872
14.7817
14.7616
14.3997
14.4665
14.6999
14.5395
14.8513
14.6432
14.4716
14.653
14.6341
14.9457
14.5894
14.8529
14.6544
14.702
14.8406
14.6682
15.0836
14.4602
14.8376
14.8636
14.812
15.0191
14.4449
14.9875
14.7915
14.645
14.2692
14.7429
14.6869
14.57
14.5754
14.6595
14.7075
14.6447
14.4643
14.7349
14.9503
14.6341
14.8299
14.803
14.9809
14.8196
14.41
14.8069
14.7746
14.7869
14.6756
14.7637
14.4384
14.5301
14.8362
14.1653
14.5197
14.8042
14.4848
14.518
14.8711
14.6141
15.1616
14.5143
14.478
14.8187
14.7467
14.4054
14.5085
14.6332
14.3928
14.4974
14.647
14.631
14.7035
14.5554
14.3698
14.6961
14.7662
14.467
14.6903
14.8237
14.7333
14.5272
14.5051
14.7135
14.7961
14.9332
14.1833
14.6486
14.6653
14.6751
14.5499
14.7496
14.4427
14.4877
14.6679
14.5729
14.7685
14.7465
14.6847
14.7386
14.5684
14.7053
14.6625
15.0672
14.8038
14.6947
14.439
14.5442
14.5812
14.5723
14.6749
14.5797
14.7816
14.7445
14.6417
14.7185
14.8482
14.852
14.4385
14.4718
14.7363
14.7174
14.6578
15.0223
14.5342
14.3086
14.8111
14.677
14.6421
14.9427
14.7911
14.6609
14.7591
14.6053
14.4821
14.9286
14.564
14.5879
14.6198
14.9231
14.49
14.5313
14.7742
14.7048
14.6201
14.6693
14.7336
14.4372
14.8461
14.4393
14.6293
14.7861
14.3474
14.565
14.608
14.6481
14.9245
14.6788
14.5668
14.4233
14.6052
14.8433
14.4861
14.559
14.7349
14.7653
14.3768
14.5798
14.5603
14.6514
14.6126
14.7531
14.6177
14.7083
14.6152
14.4941
14.705
15.0071
14.783
14.5148
14.6706
14.4834
14.3828
14.6251
14.5716
14.701
14.8352
14.8122
14.8534
14.6911
14.9744
14.9128
14.5093
14.5879
14.5381
14.6337
14.4878
14.9671
14.8593
14.6348
14.6959
14.532
14.5882
14.7116
14.8793
14.5428
14.7753
14.5411
14.9937
14.678
14.7441
14.5076
14.8486
14.6532
14.6116
14.7146
14.3782
14.7712
14.6394
14.6321
14.6472
14.8969
14.8175
14.5581
14.6869
14.5227
14.6055
14.9798
14.5124
14.5312
14.572
14.8744
14.3712
14.7273
14.6234
14.9165
14.4905
14.6663
14.8113
14.4633
14.6784
14.8142
14.8091
14.7376
14.6808
14.5052
14.5825
14.4137
14.758
14.7936
14.5259
14.5079
14.5137
14.8861
14.865
14.6143
14.58
14.7659
14.4096
14.6922
14.5895
14.4482
14.8925
14.4952
14.7047
14.8693
14.6176
14.5832
14.3263
14.6788
14.4743
14.6116
14.6234
14.9256
14.695
14.6051
14.6838
14.756
14.5533
14.2921
14.7699
14.6414
14.8026
14.5217
14.6565
14.7141
14.2514
14.97
14.6217
14.1565
14.7987
14.8507
14.7449
14.3476
14.5215
14.7645
14.6189
14.6524
14.512
14.6865
14.7997
14.5672
14.62
14.9081
14.7191
14.6005
14.2874
14.7112
14.494
14.5437
14.8711
14.5372
14.6014
14.6008
14.9626
14.837
14.5264
14.4077
14.4711
14.7455
14.5612
14.5019
14.9035
14.6319
14.9056
14.4503
14.7383
14.7197
14.3064
14.4431
14.8115
14.9637
14.4481
14.5963
14.8586
14.8829
14.7022
14.9343
14.8186
14.5795
14.7222
14.4646
14.8977
14.7001
14.5963
14.7022
14.5188
14.8021
14.8094
14.9335
14.9829
14.8225
14.4773
14.593
14.4659
14.6089
14.3463
14.7728
14.6729
14.7246
14.6435
14.3037
14.823
14.7212
14.6178
14.5956
14.6987
14.605
14.8111
14.2366
15.0885
14.5756
14.7258
14.5325
14.8102
14.8521
14.946
14.6529
14.7372
14.7298
14.8799
14.937
14.6616
14.3579
14.7782
14.8684
14.4412
14.5102
14.5323
14.7013
14.8057
14.8161
14.5497
15.0547
14.7558
14.4728
14.7654
14.8166
14.7554
14.6367
14.6281
14.8279
14.7572
14.8278
14.7057
14.6377
14.7538
14.7981
14.6915
14.4326
14.7614
14.3791
14.6495
14.5037
14.3238
14.697
14.6004
14.7799
14.573
14.6038
14.6311
14.3527
14.7668
14.7358
14.3628
14.732
14.8175
14.6696
14.5789
14.6801
14.3637
14.3879
14.7328
14.9954
14.5656
14.5397
14.5549
14.7213
14.8136
14.8188
14.5485
14.6268
14.9755
14.7107
14.516
14.7991
14.7269
14.7868
14.9958
14.8801
14.5301
14.6522
14.6911
14.4723
14.5803
14.556
14.9061
14.9795
14.6687
14.7655
14.8389
14.7353
14.7303
14.8111
14.7584
14.5563
14.7839
14.6912
14.668
14.854
14.6991
14.5294
14.3759
14.6946
14.7801
14.4988
14.555
14.3295
14.7145
14.7848
14.7063
14.7057
14.7563
14.8019
15.0714
14.5592
14.7912
14.7566
14.723
14.659
14.8465
14.752
14.6451
14.7799
14.6749
14.4568
14.4641
14.3156
14.5763
14.8252
14.8129
14.7081
15.0133
14.6455
14.4814
14.7138
14.6389
14.7968
14.6642
14.5814
14.9062
14.6306
14.8236
14.8053
14.8056
14.771
14.9115
14.8039
14.5839
14.735
14.5021
14.5902
14.6272
14.4965
14.7409
14.4816
14.3825
14.3613
14.3365
14.7536
14.5537
14.7374
14.5568
15.0181
14.4913
15.0001
14.8432
14.4158
14.4557
14.6818
14.791
14.9065
14.6321
14.6582
14.5584
14.7379
14.6346
14.6516
14.7541
14.7826
14.5026
14.6635
14.7624
14.5727
14.5185
14.3966
14.7811
14.748
14.5969
14.8471
14.449
14.5993
14.4207
14.5498
14.9596
14.503
14.6291
14.6503
14.9198
14.9275
14.4495
14.6073
14.5732
14.6923
14.4285
14.4349
14.7198
14.803
14.6134
14.6891
14.8582
14.5702
14.5416
14.8204
14.704
14.881
14.5511
14.7454
14.4276
14.7657
14.7427
14.5234
14.7538
14.5517
14.5613
14.6338
14.534
14.6818
14.7865
14.7012
14.8842
14.6154
14.5457
14.5149
14.906
14.7567
14.6859
14.7189
14.6929
14.3683
14.7952
14.725
14.5085
14.331
14.5007
14.7844
14.7882
14.517
14.6477
14.4723
14.5851
14.7631
14.8815
14.2473
14.5937
14.6291
14.6008
14.9101
14.7802
14.7176
14.8234
14.5219
14.4049
14.6419
14.6865
14.5819
14.5729
14.787
14.5201
14.5724
14.6082
14.8534
15.0316
14.5773
14.6826
14.6443
14.5947
14.6322
14.5676
14.3221
14.7419
14.6823
14.3744
14.6189
14.7131
14.7244
14.5888
14.8418
14.7495
14.6882
14.6411
14.6516
14.3126
14.6762
14.5172
14.6605
15.0225
14.7244
14.4889
14.5518
14.8741
14.8744
14.6818
14.7317
14.6855
14.6288
14.8026
14.8859
14.5476
14.6977
14.3797
14.7434
14.5204
14.5341
14.496
14.9517
14.6407
14.63
14.4732
14.9285
14.4708
14.6306
14.4392
14.7048
14.9767
14.9357
14.758
14.5811
14.9099
14.8306
14.6069
14.6915
14.7067
14.784
14.577
14.4853
14.6797
14.4676
14.3089
14.7365
14.6546
14.6893
14.558
14.517
14.9054
14.6738
14.4894
14.1756
14.7769
14.7613
14.7123
14.7079
14.6719
14.8855
14.5783
14.6054
14.4328
14.8797
14.6966
14.6329
14.9192
14.5442
14.8949
14.6268
14.4263
14.6461
14.6459
14.5758
14.9005
14.6769
14.6107
14.6753
14.9796
14.591
14.6434
14.7862
14.8132
14.6843
14.5721
14.6711
14.8257
14.8032
14.7501
14.7284
14.8562
14.7763
14.5693
14.7634
14.6306
14.9972
14.5961
14.5863
14.9624
14.4531
14.678
14.684
14.8296
14.7185
14.646
14.6866
14.6166
14.7192
14.7698
14.9335
14.544
14.6256
14.6181
14.7604
14.5501
14.9097
14.3218
14.4605
14.5559
14.7043
14.7495
14.4887
14.9278
14.6129
14.6052
14.6929
14.9956
14.9703
14.6656
14.6538
14.7234
14.6196
14.8426
14.4696
15.041
14.9174
14.7653
14.7309
14.4786
14.4181
14.6477
14.5548
14.6329
14.6594
14.6507
14.5911
14.865
14.5316
14.6488
14.8886
14.6573
14.4852
14.6858
14.7684
14.4865
14.5675
14.715
14.6668
14.7852
14.5203
14.8495
14.8206
14.7633
14.7917
14.7028
14.5754
14.5157
14.8573
14.5733
14.6349
14.5257
14.838
14.8137
14.7129
14.6535
14.4476
14.7881
14.2537
14.3328
14.6563
14.6056
14.7596
14.3306
14.7862
14.8677
14.5928
14.4511
14.8756
14.6984
14.796
14.7824
14.5929
14.4303
14.706
14.7613
14.568
14.7951
14.6227
14.485
14.4019
14.7331
14.9144
14.7676
14.7306
14.7614
14.6067
14.9017
14.6616
14.955
14.6267
14.4423
14.4028
14.6243
14.9341
15.0086
14.5582
14.7716
14.5811
14.4423
14.4615
14.7471
14.5443
14.5719
14.6404
14.7764
14.5688
14.6191
14.5934
14.6575
14.5443
14.6927
14.7704
14.7886
15.0276
14.4009
14.7505
14.7672
14.5431
14.4913
14.7732
14.4769
14.7417
14.5025
14.8536
14.8539
14.8104
14.7424
14.7377
14.634
14.8132
14.7395
14.5152
14.5366
14.615
14.855
14.7793
14.7099
14.4369
14.8695
14.5003
14.5735
14.6763
14.4352
14.5564
14.71
14.5879
14.6892
14.6118
14.6571
14.6909
14.7986
14.6658
14.5226
14.9208
14.4081
14.633
14.6054
14.324
14.9535
14.6928
14.6698
14.6437
14.9755
14.8661
14.5893
14.7674
15.0951
14.4325
14.6282
14.6496
15.0281
14.5637
14.9368
14.864
14.4789
14.9782
14.4662
14.7909
14.6511
14.5739
14.9529
14.8847
14.8533
14.7879
14.5713
14.7177
14.6873
14.8679
14.6304
14.431
14.718
14.4904
14.7052
14.6514
14.9175
14.794
14.4232
14.7719
14.5182
14.8212
14.8226
14.7925
14.5799
14.6422
14.5465
14.8842
14.5185
14.6292
14.7691
14.7866
14.7257
14.4328
14.3777
14.7904
14.7046
14.7112
14.7215
14.7282
14.5454
14.5788
14.7404
14.7233
14.6177
14.5944
14.8108
14.8807
14.8401
14.7052
14.3868
14.9988
14.6783
14.7332
14.7406
14.5668
14.7225
14.4461
14.507
14.737
14.5415
14.6958
14.773
14.5572
14.4945
14.6347
14.6925
14.6189
14.5302
14.8398
14.6806
14.5626
14.4004
14.6015
14.5376
14.6657
14.5606
14.4992
14.8841
14.4583
14.7602
14.9645
14.6106
14.7716
14.6803
14.561
14.5819
14.4786
14.4727
14.4644
14.3767
14.4999
14.6643
14.8643
14.5012
14.592
14.8397
14.8138
15.1377
14.4957
14.4491
14.4899
14.5119
14.7695
14.9482
14.6407
14.6357
14.759
14.8338
14.68
14.6604
14.6933
14.5278
14.4619
14.4193
14.6913
14.4952
14.4514
14.9912
14.5526
14.5298
14.6948
14.8462
15.1133
14.8478
15.1218
14.5988
14.714
14.5342
14.6926
14.6516
14.8129
14.8645
14.7435
14.619
14.8779
14.3921
14.5282
14.6425
14.6969
14.6019
14.733
14.559
14.5777
14.522
14.7899
14.8641
14.7754
14.4965
14.7891
14.8209
14.5716
14.5755
14.5264
14.5233
15.005
14.8141
14.5452
14.6187
14.4806
14.7991
14.7008
14.7838
14.7698
14.8395
14.7613
14.5212
14.2936
14.7482
14.5867
14.4945
14.4851
14.3859
14.9212
14.5694
14.545
14.4548
14.6713
14.4164
14.4989
14.6695
14.5991
14.7581
14.6594
14.6019
14.6291
14.8453
14.7288
14.5484
14.585
14.5607
14.8724
14.6097
14.9142
14.7201
14.7034
15.0933
14.6868
14.8952
14.4679
14.9129
14.8022
14.6516
14.4513
14.6213
14.8471
14.5665
14.8575
14.5402
14.5918
14.7544
14.7125
14.3282
14.5133
14.5093
14.84
14.7101
15.0292
14.3702
14.5271
14.5744
14.7922
14.6991
14.9855
15.0221
14.7862
14.556
15.0169
15.0007
14.6724
14.8276
14.5145
14.48
14.8069
15.1763
14.8246
14.6743
15.0084
14.8131
14.5708
14.7486
14.8366
14.8532
14.5911
15.0248
14.3408
14.619
14.7184
14.6632
14.6875
14.656
14.9098
14.6706
14.737
14.9318
14.2854
14.766
14.9007
14.83
14.5648
14.6173
14.8221
14.7028
14.5742
14.8066
15.0372
14.5419
14.703
14.7458
14.7756
14.8398
14.5595
14.6194
14.6309
14.6906
14.9916
15.0553
14.8613
14.656
14.7535
14.6533
14.6442
14.5622
14.3864
14.545
14.4712
14.7649
14.5851
14.6716
14.5234
14.7223
14.5762
14.7274
14.8317
14.8327
14.2913
14.7208
14.6711
14.3413
14.6254
14.3141
14.6285
14.6415
14.6672
14.5202
14.9052
14.6087
14.9772
14.922
14.4087
15.0433
14.3498
14.5785
14.5358
14.715
14.9683
14.5844
14.728
14.5262
14.6874
14.5285
14.7392
14.5144
14.5624
14.481
14.6506
14.9068
14.9115
14.98
14.7806
14.5559
14.5558
14.8638
14.859
14.3664
14.4429
14.9714
14.6482
14.3458
14.8158
14.8642
14.6742
14.7958
14.8942
14.7365
14.621
14.5282
14.7048
14.5698
14.9806
14.9632
14.7927
14.4659
14.7053
14.7639
14.8725
14.7634
14.6013
14.7631
14.8467
14.778
14.8797
14.3633
14.6835
14.5953
14.4951
14.6631
14.7894
14.7766
14.7148
14.7444
14.4582
14.7491
14.5836
14.5933
14.5307
14.7496
14.8062
14.5425
14.8167
14.6683
14.636
14.5212
14.7118
14.2721
14.5881
14.6906
14.7656
14.7834
14.4358
14.7153
14.5551
14.533
14.4298
14.3363
14.8458
14.6883
14.5543
14.407
14.679
14.7479
14.6399
14.5078
14.5839
14.5469
14.8729
14.6198
14.7031
14.6167
14.7037
14.8093
14.6237
14.6704
14.9482
14.5974
14.3778
14.5434
14.506
14.3695
14.6191
14.5544
14.565
14.6689
14.7284
14.5093
14.542
14.8209
14.7523
14.7569
14.5708
14.8617
15.0419
14.7219
14.556
14.7839
14.4463
14.4309
14.6022
14.7598
14.7256
14.34
14.6655
14.6185
14.8198
14.7366
14.6579
14.7433
14.948
14.8204
14.5916
14.7089
14.5442
14.5817
14.755
14.6949
14.4428
14.7995
14.5353
14.671
14.5875
14.5241
14.5152
14.8378
14.683
14.6146
14.7422
14.7701
14.46
14.6397
14.6077
14.8021
14.6593
14.7199
14.6437
14.5669
14.6014
14.5956
14.7277
14.6967
14.5139
14.6838
14.5669
14.5261
14.5916
15.0123
14.6263
14.5494
14.6205
14.8559
14.6477
14.8014
14.6189
15.1464
14.6892
14.5386
14.6621
14.6657
14.6482
14.6049
14.7981
14.4611
14.764
14.7204
14.9186
14.6838
14.9465
14.7548
14.6828
14.5401
14.5934
14.3661
14.6941
14.8343
14.655
14.6397
14.5874
14.5864
14.5947
14.5651
14.6203
14.7679
14.3577
14.5875
14.5085
14.8303
14.9631
14.8017
14.7727
14.5488
14.6975
14.2687
14.6119
14.9882
14.7578
14.8329
14.8725
14.7683
14.5876
14.4168
14.9424
14.3057
14.908
14.5629
14.8015
14.3876
14.8113
14.4766
14.8239
14.7877
14.7768
14.3392
14.7648
14.6748
14.4763
14.7754
14.6428
14.619
14.8443
14.9626
15.0185
14.762
14.5915
14.6262
14.4477
14.6557
14.6165
14.5236
14.4737
14.8851
14.6873
14.8519
14.66
14.6295
14.7089
14.8439
14.6853
14.5176
14.593
14.1714
14.9132
14.5908
15.0422
14.4009
14.7667
14.5257
14.4893
14.5679
14.6403
14.7053
14.5006
14.8617
14.9249
14.4739
14.7706
14.5216
14.4823
14.8053
14.61
14.6662
14.7749
14.6405
14.5133
14.7559
14.6736
14.5362
14.9533
14.6409
14.4979
14.9032
14.6823
14.6775
14.7502
14.4791
14.6202
14.4032
14.617
14.4356
14.6209
14.4231
14.7452
14.1281
14.6197
14.5697
14.6635
14.5812
14.9552
14.8926
14.788
14.3601
14.6405
15.0763
14.7665
14.3976
14.4013
14.5191
14.9087
14.6636
14.8923
14.5756
14.7372
14.4938
14.7231
14.7045
14.9133
14.9727
14.8394
14.7175
14.7769
14.6413
14.7336
14.5519
14.7518
14.7577
14.3548
14.6369
14.763
14.798
14.835
14.7369
14.7295
14.4888
14.667
14.6196
14.9632
14.5029
14.3572
14.7006
14.5439
14.5376
14.3643
14.6076
14.5471
14.6405
14.8506
14.2877
14.7405
14.7596
14.6618
14.7075
14.5518
14.6862
14.8919
14.7756
14.585
14.6547
14.6055
14.7087
14.7188
14.9182
15.098
14.8311
14.3709
14.8265
14.7792
14.3619
14.8515
14.5204
14.7577
14.6932
14.5884
15.0203
14.7348
15.0485
14.8214
14.4962
14.5835
14.5339
14.5611
14.3596
14.4889
14.8995
14.993
14.4593
15.1972
14.6098
14.7685
14.7002
14.6776
14.4024
15.1093
14.6614
14.2775
14.4817
14.231
14.6547
14.3656
14.6571
14.8104
14.6598
14.5975
14.6853
14.5823
14.77
14.442
14.6123
14.4247
14.695
14.5067
14.694
14.6416
14.6378
14.9571
14.7511
14.4357
14.8192
14.9168
14.5234
14.5346
14.5884
14.7731
14.7164
14.8284
14.487
14.7182
14.623
14.7386
14.8909
14.7096
14.5889
14.8408
14.8217
14.862
14.515
14.6249
14.3619
14.7133
14.5608
14.9637
14.7335
14.5716
14.6675
14.8116
14.855
14.5828
14.7781
14.7162
15.0121
14.9349
14.5368
14.4496
14.5754
14.7902
14.66
14.5871
14.6991
14.7995
14.688
14.7834
14.627
14.6088
14.6459
14.787
14.4817
14.5066
14.6905
14.4569
14.6939
14.6825
14.8899
14.6778
14.7292
14.7975
14.529
14.5269
14.3899
14.6121
14.6206
14.8859
14.6496
14.7014
14.5142
14.8093
14.4963
14.7154
14.9933
14.8279
14.5079
14.8703
14.7595
14.5896
14.5385
14.867
14.7214
14.7181
14.6749
14.6621
14.6212
14.7525
14.7905
14.9364
14.9539
14.7559
14.6713
14.84
14.966
14.9359
14.3331
14.6738
14.7141
14.6101
14.1833
14.9873
14.5741
14.7806
14.8768
14.5057
14.5544
14.8593
14.7264
14.632
14.5672
14.4929
14.771
14.7086
14.7032
14.6686
14.4138
14.7237
14.7991
14.6021
14.6686
14.896
14.9736
14.5031
14.459
14.8264
14.9161
14.6085
14.5749
14.8701
14.7361
14.3754
14.7719
14.362
14.6185
14.9345
14.5125
14.731
14.5235
14.7248
14.6427
15.0049
14.5406
14.4847
14.5054
14.6733
14.5252
14.7983
14.7949
14.6844
14.5931
14.732
14.7101
15.0241
14.4732
14.6882
14.4272
14.731
14.8877
14.8231
14.9797
14.7712
14.5605
14.7555
14.8005
14.4753
14.6164
14.8541
14.6193
14.661
14.996
14.5293
14.6476
14.5122
14.8272
14.3561
14.852
14.233
14.5232
14.8439
14.6767
14.8354
14.5561
14.8881
14.7123
14.5653
14.6917
14.7358
14.5913
14.6435
14.4186
14.6938
14.3548
14.4564
14.9841
14.431
14.4895
14.7294
14.8741
14.4927
14.5911
14.6751
14.4578
14.7135
14.5715
14.7682
14.9639
14.6793
14.7896
14.5402
14.6135
14.9228
14.6949
14.5132
14.8848
14.3119
14.4239
14.48
14.8173
14.9068
14.6953
14.7632
14.8461
15.039
14.9188
14.7715
14.8954
14.5364
14.873
14.7563
